#Julian Date	Day	Month	Year	Hour	Minute	Second	East	North	Altitude
#[j]	[j]	[mois]	[année]	[h]	[min]	[s]	[m]	[m]	[m]
2459292.026750758	18	3	2021	12	38	31.265	2500975.484	1117443.071	384.259
2459292.026751348	18	3	2021	12	38	31.316	2500975.907	1117442.964	384.261
2459292.026752136	18	3	2021	12	38	31.385	2500976.137	1117442.908	384.259
2459292.026752541	18	3	2021	12	38	31.420	2500976.351	1117442.869	384.268
2459292.026753524	18	3	2021	12	38	31.504	2500977.024	1117442.704	384.262
2459292.026754635	18	3	2021	12	38	31.600	2500977.400	1117442.623	384.255
2459292.026755191	18	3	2021	12	38	31.648	2500977.787	1117442.523	384.259
2459292.026756187	18	3	2021	12	38	31.735	2500978.158	1117442.441	384.262
2459292.026756962	18	3	2021	12	38	31.802	2500979.327	1117442.172	384.271
2459292.026759461	18	3	2021	12	38	32.017	2500979.732	1117442.061	384.271
2459292.026760411	18	3	2021	12	38	32.100	2500980.857	1117441.831	384.274
2459292.026880781	18	3	2021	12	38	42.499	2501025.342	1117429.410	384.414
2459292.026884265	18	3	2021	12	38	42.800	2501025.405	1117429.390	384.419
2459292.026885006	18	3	2021	12	38	42.865	2501025.467	1117429.376	384.415
2459292.026886580	18	3	2021	12	38	43.001	2501025.521	1117429.356	384.418
2459292.026887367	18	3	2021	12	38	43.069	2501025.569	1117429.340	384.423
2459292.026888154	18	3	2021	12	38	43.137	2501025.615	1117429.327	384.421
2459292.026888710	18	3	2021	12	38	43.185	2501025.656	1117429.312	384.417
2459292.026888894	18	3	2021	12	38	43.200	2501025.694	1117429.303	384.416
2459292.026889462	18	3	2021	12	38	43.250	2501025.727	1117429.291	384.420
2459292.026890445	18	3	2021	12	38	43.334	2501025.757	1117429.279	384.418
2459292.026891035	18	3	2021	12	38	43.385	2501025.780	1117429.268	384.417
2459292.026891800	18	3	2021	12	38	43.452	2501025.801	1117429.265	384.419
2459292.026892552	18	3	2021	12	38	43.517	2501025.817	1117429.258	384.419
2459292.026893165	18	3	2021	12	38	43.569	2501025.830	1117429.255	384.414
2459292.026894080	18	3	2021	12	38	43.649	2501025.841	1117429.256	384.421
2459292.026894704	18	3	2021	12	38	43.702	2501025.850	1117429.252	384.415
2459292.026895434	18	3	2021	12	38	43.766	2501025.855	1117429.248	384.416
2459292.026896024	18	3	2021	12	38	43.816	2501025.861	1117429.247	384.418
2459292.026896799	18	3	2021	12	38	43.883	2501025.864	1117429.244	384.416
2459292.026897586	18	3	2021	12	38	43.951	2501025.867	1117429.241	384.415
2459292.026898350	18	3	2021	12	38	44.017	2501025.870	1117429.245	384.414
2459292.026898917	18	3	2021	12	38	44.066	2501025.871	1117429.249	384.422
2459292.026899704	18	3	2021	12	38	44.134	2501025.868	1117429.244	384.416
2459292.026900468	18	3	2021	12	38	44.200	2501025.865	1117429.242	384.421
2459292.026901024	18	3	2021	12	38	44.248	2501025.863	1117429.245	384.421
2459292.026902007	18	3	2021	12	38	44.333	2501025.861	1117429.249	384.416
2459292.026902598	18	3	2021	12	38	44.384	2501025.858	1117429.245	384.419
2459292.026903374	18	3	2021	12	38	44.452	2501025.858	1117429.247	384.419
2459292.026904346	18	3	2021	12	38	44.535	2501025.858	1117429.248	384.425
2459292.026904914	18	3	2021	12	38	44.585	2501025.857	1117429.243	384.420
2459292.026905527	18	3	2021	12	38	44.638	2501025.857	1117429.240	384.417
2459292.026906488	18	3	2021	12	38	44.721	2501025.858	1117429.240	384.415
2459292.026907008	18	3	2021	12	38	44.766	2501025.858	1117429.239	384.419
2459292.026907807	18	3	2021	12	38	44.835	2501025.858	1117429.242	384.423
2459292.026908362	18	3	2021	12	38	44.882	2501025.857	1117429.240	384.428
2459292.026909358	18	3	2021	12	38	44.969	2501025.858	1117429.246	384.417
2459292.026909913	18	3	2021	12	38	45.016	2501025.858	1117429.246	384.425
2459292.026910689	18	3	2021	12	38	45.084	2501025.859	1117429.247	384.419
2459292.026911487	18	3	2021	12	38	45.152	2501025.859	1117429.245	384.426
2459292.026912251	18	3	2021	12	38	45.218	2501025.858	1117429.241	384.425
2459292.026912795	18	3	2021	12	38	45.265	2501025.857	1117429.240	384.422
2459292.026913802	18	3	2021	12	38	45.353	2501025.858	1117429.242	384.422
2459292.026914358	18	3	2021	12	38	45.401	2501025.859	1117429.248	384.416
2459292.026915272	18	3	2021	12	38	45.480	2501025.857	1117429.242	384.418
2459292.026915897	18	3	2021	12	38	45.534	2501025.858	1117429.243	384.415
2459292.026916487	18	3	2021	12	38	45.584	2501025.858	1117429.243	384.417
2459292.026917471	18	3	2021	12	38	45.670	2501025.858	1117429.242	384.419
2459292.026918119	18	3	2021	12	38	45.725	2501025.857	1117429.239	384.415
2459292.026918629	18	3	2021	12	38	45.770	2501025.858	1117429.246	384.420
2459292.026920006	18	3	2021	12	38	45.889	2501025.858	1117429.243	384.419
2459292.026920735	18	3	2021	12	38	45.951	2501025.857	1117429.240	384.425
2459292.026923050	18	3	2021	12	38	46.152	2501025.856	1117429.238	384.415
2459292.026923617	18	3	2021	12	38	46.200	2501025.856	1117429.237	384.423
2459292.026924566	18	3	2021	12	38	46.282	2501025.857	1117429.240	384.419
2459292.026925179	18	3	2021	12	38	46.335	2501025.858	1117429.245	384.420
2459292.026925932	18	3	2021	12	38	46.401	2501025.857	1117429.240	384.421
2459292.026926476	18	3	2021	12	38	46.448	2501025.857	1117429.241	384.423
2459292.026927286	18	3	2021	12	38	46.517	2501025.856	1117429.239	384.423
2459292.026928062	18	3	2021	12	38	46.585	2501025.858	1117429.244	384.422
2459292.026929798	18	3	2021	12	38	46.735	2501025.857	1117429.242	384.420
2459292.026930966	18	3	2021	12	38	46.835	2501025.856	1117429.238	384.416
2459292.026931719	18	3	2021	12	38	46.901	2501025.855	1117429.236	384.424
2459292.026932505	18	3	2021	12	38	46.968	2501025.857	1117429.243	384.421
2459292.026933073	18	3	2021	12	38	47.018	2501025.856	1117429.239	384.425
2459292.026933860	18	3	2021	12	38	47.086	2501025.856	1117429.238	384.418
2459292.026934624	18	3	2021	12	38	47.152	2501025.857	1117429.241	384.420
2459292.026935399	18	3	2021	12	38	47.218	2501025.857	1117429.244	384.424
2459292.026935966	18	3	2021	12	38	47.267	2501025.856	1117429.240	384.420
2459292.026936753	18	3	2021	12	38	47.335	2501025.857	1117429.240	384.419
2459292.026937506	18	3	2021	12	38	47.401	2501025.857	1117429.241	384.418
2459292.026938270	18	3	2021	12	38	47.467	2501025.856	1117429.240	384.422
2459292.026938894	18	3	2021	12	38	47.520	2501025.857	1117429.244	384.418
2459292.026940052	18	3	2021	12	38	47.620	2501025.857	1117429.243	384.421
2459292.026941221	18	3	2021	12	38	47.722	2501025.857	1117429.243	384.419
2459292.026941950	18	3	2021	12	38	47.784	2501025.856	1117429.239	384.424
2459292.026942702	18	3	2021	12	38	47.849	2501025.856	1117429.239	384.421
2459292.026943478	18	3	2021	12	38	47.916	2501025.857	1117429.241	384.421
2459292.026944265	18	3	2021	12	38	47.984	2501025.857	1117429.245	384.423
2459292.026944832	18	3	2021	12	38	48.033	2501025.858	1117429.245	384.413
2459292.026945619	18	3	2021	12	38	48.101	2501025.857	1117429.242	384.420
2459292.026946406	18	3	2021	12	38	48.169	2501025.857	1117429.243	384.417
2459292.026946973	18	3	2021	12	38	48.218	2501025.857	1117429.242	384.409
2459292.026947945	18	3	2021	12	38	48.302	2501025.856	1117429.240	384.419
2459292.026948501	18	3	2021	12	38	48.350	2501025.855	1117429.236	384.420
2459292.026949288	18	3	2021	12	38	48.418	2501025.857	1117429.242	384.420
2459292.026949855	18	3	2021	12	38	48.467	2501025.857	1117429.243	384.418
2459292.026950584	18	3	2021	12	38	48.530	2501025.857	1117429.242	384.424
2459292.026951395	18	3	2021	12	38	48.601	2501025.858	1117429.247	384.424
2459292.026951985	18	3	2021	12	38	48.652	2501025.857	1117429.241	384.421
2459292.026952946	18	3	2021	12	38	48.735	2501025.857	1117429.243	384.417
2459292.026953709	18	3	2021	12	38	48.800	2501025.859	1117429.248	384.414
2459292.026954300	18	3	2021	12	38	48.852	2501025.856	1117429.237	384.420
2459292.026955828	18	3	2021	12	38	48.984	2501025.857	1117429.243	384.417
2459292.026956383	18	3	2021	12	38	49.032	2501025.857	1117429.241	384.416
2459292.026957390	18	3	2021	12	38	49.118	2501025.856	1117429.239	384.414
2459292.026957968	18	3	2021	12	38	49.168	2501025.857	1117429.242	384.415
2459292.026958744	18	3	2021	12	38	49.235	2501025.855	1117429.236	384.422
2459292.026959519	18	3	2021	12	38	49.302	2501025.855	1117429.236	384.420
2459292.026960283	18	3	2021	12	38	49.368	2501025.856	1117429.239	384.415
2459292.026960839	18	3	2021	12	38	49.416	2501025.855	1117429.236	384.416
2459292.026961811	18	3	2021	12	38	49.500	2501025.857	1117429.242	384.424
2459292.026963154	18	3	2021	12	38	49.616	2501025.857	1117429.243	384.422
2459292.026963721	18	3	2021	12	38	49.665	2501025.856	1117429.239	384.415
2459292.026964508	18	3	2021	12	38	49.733	2501025.856	1117429.240	384.418
2459292.026965283	18	3	2021	12	38	49.800	2501025.857	1117429.243	384.420
2459292.026966059	18	3	2021	12	38	49.868	2501025.855	1117429.236	384.425
2459292.026966626	18	3	2021	12	38	49.916	2501025.855	1117429.238	384.424
2459292.026967598	18	3	2021	12	38	50.000	2501025.855	1117429.234	384.420
2459292.026968142	18	3	2021	12	38	50.047	2501025.856	1117429.237	384.423
2459292.026969554	18	3	2021	12	38	50.169	2501025.855	1117429.235	384.425
2459292.026970306	18	3	2021	12	38	50.234	2501025.858	1117429.245	384.421
2459292.026971047	18	3	2021	12	38	50.298	2501025.850	1117429.224	384.420
2459292.026974543	18	3	2021	12	38	50.601	2501025.855	1117429.238	384.420
2459292.026975318	18	3	2021	12	38	50.667	2501025.855	1117429.233	384.418
2459292.026976094	18	3	2021	12	38	50.735	2501025.854	1117429.231	384.424
2459292.026976857	18	3	2021	12	38	50.800	2501025.856	1117429.237	384.421
2459292.026977645	18	3	2021	12	38	50.869	2501025.855	1117429.235	384.421
2459292.026978200	18	3	2021	12	38	50.916	2501025.855	1117429.234	384.418
2459292.026979172	18	3	2021	12	38	51.000	2501025.856	1117429.238	384.415
2459292.026979960	18	3	2021	12	38	51.069	2501025.856	1117429.238	384.420
2459292.026980527	18	3	2021	12	38	51.118	2501025.856	1117429.237	384.419
2459292.026981302	18	3	2021	12	38	51.184	2501025.856	1117429.238	384.412
2459292.026982089	18	3	2021	12	38	51.252	2501025.855	1117429.236	384.417
2459292.026982830	18	3	2021	12	38	51.317	2501025.856	1117429.238	384.414
2459292.026984172	18	3	2021	12	38	51.432	2501025.856	1117429.236	384.419
2459292.026984948	18	3	2021	12	38	51.500	2501025.856	1117429.237	384.418
2459292.026985527	18	3	2021	12	38	51.550	2501025.856	1117429.242	384.413
2459292.026992853	18	3	2021	12	38	52.182	2501025.855	1117429.237	384.410
2459292.026993420	18	3	2021	12	38	52.231	2501025.856	1117429.238	384.416
2459292.026994207	18	3	2021	12	38	52.299	2501025.854	1117429.231	384.416
2459292.026995006	18	3	2021	12	38	52.369	2501025.855	1117429.234	384.418
2459292.026995828	18	3	2021	12	38	52.440	2501025.855	1117429.236	384.418
2459292.026996615	18	3	2021	12	38	52.508	2501025.855	1117429.237	384.416
2459292.026997182	18	3	2021	12	38	52.557	2501025.855	1117429.236	384.418
2459292.026997691	18	3	2021	12	38	52.601	2501025.856	1117429.239	384.419
2459292.026998617	18	3	2021	12	38	52.681	2501025.856	1117429.237	384.416
2459292.027000202	18	3	2021	12	38	52.817	2501025.857	1117429.245	384.425
2459292.027001360	18	3	2021	12	38	52.918	2501025.857	1117429.239	384.416
2459292.027002321	18	3	2021	12	38	53.001	2501025.857	1117429.242	384.422
2459292.027002899	18	3	2021	12	38	53.050	2501025.857	1117429.242	384.419
2459292.027003617	18	3	2021	12	38	53.113	2501025.856	1117429.239	384.417
2459292.027004288	18	3	2021	12	38	53.170	2501025.856	1117429.238	384.419
2459292.027005203	18	3	2021	12	38	53.250	2501025.856	1117429.239	384.416
2459292.027005978	18	3	2021	12	38	53.316	2501025.855	1117429.235	384.421
2459292.027007136	18	3	2021	12	38	53.417	2501025.856	1117429.240	384.419
2459292.027008096	18	3	2021	12	38	53.500	2501025.855	1117429.235	384.419
2459292.027008686	18	3	2021	12	38	53.550	2501025.855	1117429.235	384.422
2459292.027009450	18	3	2021	12	38	53.616	2501025.855	1117429.236	384.419
2459292.027010249	18	3	2021	12	38	53.686	2501025.856	1117429.236	384.421
2459292.027010816	18	3	2021	12	38	53.735	2501025.855	1117429.235	384.421
2459292.027011580	18	3	2021	12	38	53.800	2501025.857	1117429.240	384.419
2459292.027012540	18	3	2021	12	38	53.883	2501025.856	1117429.238	384.418
2459292.027013119	18	3	2021	12	38	53.933	2501025.856	1117429.238	384.419
2459292.027014670	18	3	2021	12	38	54.067	2501025.856	1117429.239	384.419
2459292.027015214	18	3	2021	12	38	54.114	2501025.856	1117429.239	384.421
2459292.027016025	18	3	2021	12	38	54.185	2501025.857	1117429.241	384.419
2459292.027017633	18	3	2021	12	38	54.323	2501025.856	1117429.239	384.418
2459292.027018120	18	3	2021	12	38	54.366	2501025.857	1117429.241	384.422
2459292.027018883	18	3	2021	12	38	54.431	2501025.857	1117429.241	384.417
2459292.027019484	18	3	2021	12	38	54.483	2501025.857	1117429.240	384.415
2459292.027021036	18	3	2021	12	38	54.618	2501025.856	1117429.238	384.415
2459292.027021811	18	3	2021	12	38	54.684	2501025.856	1117429.240	384.415
2459292.027022575	18	3	2021	12	38	54.750	2501025.855	1117429.234	384.420
2459292.027023154	18	3	2021	12	38	54.800	2501025.855	1117429.237	384.420
2459292.027024126	18	3	2021	12	38	54.884	2501025.855	1117429.233	384.412
2459292.027024716	18	3	2021	12	38	54.935	2501025.856	1117429.236	384.416
2459292.027025688	18	3	2021	12	38	55.019	2501025.854	1117429.231	384.415
2459292.027026846	18	3	2021	12	38	55.120	2501025.855	1117429.236	384.415
2459292.027027598	18	3	2021	12	38	55.184	2501025.856	1117429.239	384.418
2459292.027028373	18	3	2021	12	38	55.251	2501025.857	1117429.243	384.420
2459292.027028952	18	3	2021	12	38	55.301	2501025.855	1117429.235	384.419
2459292.027029925	18	3	2021	12	38	55.386	2501025.856	1117429.240	384.421
2459292.027030515	18	3	2021	12	38	55.436	2501025.856	1117429.239	384.420
2459292.027031429	18	3	2021	12	38	55.515	2501025.856	1117429.237	384.417
2459292.027032621	18	3	2021	12	38	55.618	2501025.856	1117429.237	384.416
2459292.027033373	18	3	2021	12	38	55.683	2501025.857	1117429.241	384.420
2459292.027034149	18	3	2021	12	38	55.750	2501025.856	1117429.237	384.418
2459292.027035503	18	3	2021	12	38	55.867	2501025.856	1117429.236	384.417
2459292.027037239	18	3	2021	12	38	56.017	2501025.857	1117429.242	384.418
2459292.027037818	18	3	2021	12	38	56.067	2501025.856	1117429.238	384.414
2459292.027038593	18	3	2021	12	38	56.134	2501025.856	1117429.237	384.414
2459292.027039357	18	3	2021	12	38	56.200	2501025.858	1117429.245	384.413
2459292.027039959	18	3	2021	12	38	56.252	2501025.857	1117429.240	384.420
2459292.027040897	18	3	2021	12	38	56.333	2501025.856	1117429.239	384.416
2459292.027042263	18	3	2021	12	38	56.452	2501025.857	1117429.242	384.419
2459292.027043015	18	3	2021	12	38	56.517	2501025.858	1117429.243	384.416
2459292.027043802	18	3	2021	12	38	56.585	2501025.857	1117429.242	384.417
2459292.027044392	18	3	2021	12	38	56.635	2501025.856	1117429.239	384.417
2459292.027046302	18	3	2021	12	38	56.800	2501025.854	1117429.229	384.417
2459292.027047656	18	3	2021	12	38	56.917	2501025.857	1117429.239	384.414
2459292.027048246	18	3	2021	12	38	56.968	2501025.857	1117429.240	384.421
2459292.027048432	18	3	2021	12	38	56.985	2501025.856	1117429.238	384.418
2459292.027049358	18	3	2021	12	38	57.065	2501025.857	1117429.241	384.421
2459292.027050572	18	3	2021	12	38	57.169	2501025.857	1117429.242	384.415
2459292.027051348	18	3	2021	12	38	57.236	2501025.856	1117429.238	384.417
2459292.027051869	18	3	2021	12	38	57.281	2501025.858	1117429.245	384.411
2459292.027053443	18	3	2021	12	38	57.417	2501025.857	1117429.243	384.421
2459292.027054207	18	3	2021	12	38	57.483	2501025.858	1117429.243	384.412
2459292.027054786	18	3	2021	12	38	57.534	2501025.857	1117429.241	384.415
2459292.027055561	18	3	2021	12	38	57.600	2501025.857	1117429.241	384.415
2459292.027056337	18	3	2021	12	38	57.668	2501025.857	1117429.243	384.418
2459292.027057101	18	3	2021	12	38	57.734	2501025.855	1117429.234	384.421
2459292.027057876	18	3	2021	12	38	57.800	2501025.858	1117429.244	384.419
2459292.027058651	18	3	2021	12	38	57.867	2501025.857	1117429.240	384.419
2459292.027059230	18	3	2021	12	38	57.917	2501025.856	1117429.238	384.418
2459292.027059832	18	3	2021	12	38	57.969	2501025.857	1117429.241	384.422
2459292.027060584	18	3	2021	12	38	58.034	2501025.855	1117429.236	384.420
2459292.027061163	18	3	2021	12	38	58.084	2501025.856	1117429.239	384.415
2459292.027062135	18	3	2021	12	38	58.168	2501025.857	1117429.243	384.422
2459292.027062714	18	3	2021	12	38	58.218	2501025.857	1117429.242	384.417
2459292.027063501	18	3	2021	12	38	58.286	2501025.856	1117429.238	384.418
2459292.027064462	18	3	2021	12	38	58.370	2501025.857	1117429.240	384.414
2459292.027065619	18	3	2021	12	38	58.469	2501025.857	1117429.240	384.415
2459292.027066395	18	3	2021	12	38	58.537	2501025.857	1117429.242	384.410
2459292.027067135	18	3	2021	12	38	58.600	2501025.857	1117429.240	384.416
2459292.027067899	18	3	2021	12	38	58.666	2501025.857	1117429.239	384.416
2459292.027068466	18	3	2021	12	38	58.715	2501025.856	1117429.238	384.422
2459292.027069277	18	3	2021	12	38	58.786	2501025.856	1117429.238	384.422
2459292.027070005	18	3	2021	12	38	58.848	2501025.857	1117429.242	384.413
2459292.027070851	18	3	2021	12	38	58.922	2501025.858	1117429.243	384.414
2459292.027071406	18	3	2021	12	38	58.969	2501025.857	1117429.242	384.416
2459292.027072170	18	3	2021	12	38	59.035	2501025.857	1117429.240	384.416
2459292.027073108	18	3	2021	12	38	59.117	2501025.858	1117429.242	384.415
2459292.027075816	18	3	2021	12	38	59.350	2501025.856	1117429.239	384.415
2459292.027076580	18	3	2021	12	38	59.417	2501025.857	1117429.243	384.419
2459292.027077367	18	3	2021	12	38	59.485	2501025.857	1117429.241	384.416
2459292.027077934	18	3	2021	12	38	59.533	2501025.857	1117429.240	384.416
2459292.027078710	18	3	2021	12	38	59.601	2501025.857	1117429.242	384.416
2459292.027079682	18	3	2021	12	38	59.685	2501025.857	1117429.242	384.417
2459292.027080839	18	3	2021	12	38	59.784	2501025.858	1117429.245	384.414
2459292.027081580	18	3	2021	12	38	59.849	2501025.857	1117429.241	384.420
2459292.027082564	18	3	2021	12	38	59.934	2501025.856	1117429.237	384.418
2459292.027084496	18	3	2021	12	39	0.100	2501025.857	1117429.242	384.417
2459292.027085480	18	3	2021	12	39	0.185	2501025.856	1117429.238	384.408
2459292.027086800	18	3	2021	12	39	0.300	2501025.857	1117429.242	384.417
2459292.027088165	18	3	2021	12	39	0.417	2501025.858	1117429.244	384.420
2459292.027088710	18	3	2021	12	39	0.465	2501025.857	1117429.243	384.420
2459292.027089728	18	3	2021	12	39	0.553	2501025.856	1117429.239	384.418
2459292.027090607	18	3	2021	12	39	0.628	2501025.857	1117429.243	384.421
2459292.027091371	18	3	2021	12	39	0.694	2501025.858	1117429.245	384.415
2459292.027091927	18	3	2021	12	39	0.742	2501025.859	1117429.247	384.419
2459292.027092413	18	3	2021	12	39	0.784	2501025.856	1117429.238	384.419
2459292.027093189	18	3	2021	12	39	0.852	2501025.857	1117429.243	384.419
2459292.027093964	18	3	2021	12	39	0.919	2501025.858	1117429.243	384.418
2459292.027094566	18	3	2021	12	39	0.970	2501025.857	1117429.242	384.417
2459292.027095539	18	3	2021	12	39	1.055	2501025.856	1117429.239	384.416
2459292.027096302	18	3	2021	12	39	1.120	2501025.857	1117429.241	384.419
2459292.027096823	18	3	2021	12	39	1.165	2501025.856	1117429.239	384.420
2459292.027097772	18	3	2021	12	39	1.247	2501025.857	1117429.241	384.418
2459292.027099184	18	3	2021	12	39	1.370	2501025.856	1117429.238	384.415
2459292.027099751	18	3	2021	12	39	1.418	2501025.857	1117429.240	384.416
2459292.027100538	18	3	2021	12	39	1.486	2501025.857	1117429.241	384.418
2459292.027101082	18	3	2021	12	39	1.533	2501025.856	1117429.239	384.421
2459292.027102043	18	3	2021	12	39	1.617	2501025.854	1117429.233	384.417
2459292.027103397	18	3	2021	12	39	1.734	2501025.856	1117429.237	384.419
2459292.027104172	18	3	2021	12	39	1.800	2501025.857	1117429.240	384.418
2459292.027104948	18	3	2021	12	39	1.868	2501025.857	1117429.241	384.418
2459292.027105492	18	3	2021	12	39	1.915	2501025.858	1117429.244	384.416
2459292.027106302	18	3	2021	12	39	1.984	2501025.856	1117429.238	384.417
2459292.027107031	18	3	2021	12	39	2.047	2501025.857	1117429.243	384.421
2459292.027108015	18	3	2021	12	39	2.132	2501025.857	1117429.242	384.419
2459292.027109358	18	3	2021	12	39	2.249	2501025.857	1117429.243	384.412
2459292.027109925	18	3	2021	12	39	2.298	2501025.856	1117429.239	384.420
2459292.027110943	18	3	2021	12	39	2.385	2501025.857	1117429.243	384.417
2459292.027112077	18	3	2021	12	39	2.483	2501025.856	1117429.239	384.426
2459292.027112864	18	3	2021	12	39	2.551	2501025.857	1117429.241	384.417
2459292.027113629	18	3	2021	12	39	2.618	2501025.857	1117429.242	384.424
2459292.027114207	18	3	2021	12	39	2.667	2501025.857	1117429.242	384.421
2459292.027114994	18	3	2021	12	39	2.735	2501025.858	1117429.245	384.418
2459292.027115746	18	3	2021	12	39	2.800	2501025.857	1117429.244	384.419
2459292.027116707	18	3	2021	12	39	2.883	2501025.857	1117429.244	384.418
2459292.027117876	18	3	2021	12	39	2.984	2501025.859	1117429.248	384.418
2459292.027118848	18	3	2021	12	39	3.068	2501025.858	1117429.245	384.416
2459292.027119427	18	3	2021	12	39	3.118	2501025.858	1117429.243	384.419
2459292.027120191	18	3	2021	12	39	3.185	2501025.857	1117429.242	384.418
2459292.027120781	18	3	2021	12	39	3.235	2501025.857	1117429.243	384.420
2459292.027121545	18	3	2021	12	39	3.301	2501025.857	1117429.241	384.422
2459292.027122321	18	3	2021	12	39	3.369	2501025.857	1117429.243	384.419
2459292.027123096	18	3	2021	12	39	3.435	2501025.856	1117429.239	384.423
2459292.027123837	18	3	2021	12	39	3.499	2501025.857	1117429.242	384.419
2459292.027126163	18	3	2021	12	39	3.700	2501025.856	1117429.240	384.419
2459292.027127506	18	3	2021	12	39	3.817	2501025.857	1117429.242	384.418
2459292.027128084	18	3	2021	12	39	3.866	2501025.858	1117429.244	384.417
2459292.027128837	18	3	2021	12	39	3.932	2501025.858	1117429.245	384.420
2459292.027129635	18	3	2021	12	39	4.000	2501025.858	1117429.245	384.423
2459292.027130596	18	3	2021	12	39	4.083	2501025.857	1117429.242	384.419
2459292.027131776	18	3	2021	12	39	4.185	2501025.857	1117429.243	384.421
2459292.027132529	18	3	2021	12	39	4.250	2501025.859	1117429.247	384.420
2459292.027133269	18	3	2021	12	39	4.314	2501025.858	1117429.246	384.422
2459292.027135040	18	3	2021	12	39	4.467	2501025.859	1117429.249	384.416
2459292.027136221	18	3	2021	12	39	4.569	2501025.857	1117429.243	384.420
2459292.027136788	18	3	2021	12	39	4.618	2501025.856	1117429.240	384.425
2459292.027137552	18	3	2021	12	39	4.684	2501025.858	1117429.244	384.416
2459292.027138327	18	3	2021	12	39	4.751	2501025.857	1117429.240	384.419
2459292.027139091	18	3	2021	12	39	4.817	2501025.858	1117429.247	384.416
2459292.027139670	18	3	2021	12	39	4.868	2501025.858	1117429.246	384.419
2459292.027140446	18	3	2021	12	39	4.935	2501025.857	1117429.241	384.418
2459292.027141209	18	3	2021	12	39	5.000	2501025.858	1117429.247	384.412
2459292.027141938	18	3	2021	12	39	5.063	2501025.857	1117429.241	384.417
2459292.027142540	18	3	2021	12	39	5.115	2501025.858	1117429.244	384.417
2459292.027143524	18	3	2021	12	39	5.200	2501025.857	1117429.243	384.422
2459292.027144126	18	3	2021	12	39	5.252	2501025.858	1117429.247	384.417
2459292.027144878	18	3	2021	12	39	5.317	2501025.858	1117429.247	384.419
2459292.027145457	18	3	2021	12	39	5.367	2501025.858	1117429.245	384.419
2459292.027146267	18	3	2021	12	39	5.437	2501025.859	1117429.248	384.416
2459292.027147193	18	3	2021	12	39	5.517	2501025.858	1117429.244	384.416
2459292.027147968	18	3	2021	12	39	5.584	2501025.856	1117429.240	384.419
2459292.027149126	18	3	2021	12	39	5.684	2501025.858	1117429.246	384.416
2459292.027149890	18	3	2021	12	39	5.751	2501025.857	1117429.243	384.418
2459292.027150677	18	3	2021	12	39	5.818	2501025.858	1117429.246	384.420
2459292.027151244	18	3	2021	12	39	5.868	2501025.857	1117429.244	384.421
2459292.027152008	18	3	2021	12	39	5.933	2501025.856	1117429.238	384.424
2459292.027152783	18	3	2021	12	39	6.000	2501025.858	1117429.246	384.424
2459292.027154323	18	3	2021	12	39	6.134	2501025.857	1117429.243	384.423
2459292.027155098	18	3	2021	12	39	6.200	2501025.858	1117429.248	384.424
2459292.027155677	18	3	2021	12	39	6.250	2501025.857	1117429.243	384.423
2459292.027156649	18	3	2021	12	39	6.334	2501025.858	1117429.246	384.421
2459292.027157968	18	3	2021	12	39	6.448	2501025.857	1117429.241	384.425
2459292.027158756	18	3	2021	12	39	6.517	2501025.857	1117429.243	384.422
2459292.027160284	18	3	2021	12	39	6.649	2501025.858	1117429.247	384.423
2459292.027160886	18	3	2021	12	39	6.701	2501025.858	1117429.246	384.423
2459292.027161684	18	3	2021	12	39	6.769	2501025.858	1117429.246	384.416
2459292.027162217	18	3	2021	12	39	6.816	2501025.857	1117429.242	384.418
2459292.027163027	18	3	2021	12	39	6.886	2501025.858	1117429.245	384.417
2459292.027163791	18	3	2021	12	39	6.952	2501025.857	1117429.244	384.420
2459292.027164555	18	3	2021	12	39	7.018	2501025.857	1117429.242	384.422
2459292.027165133	18	3	2021	12	39	7.067	2501025.858	1117429.244	384.419
2459292.027165909	18	3	2021	12	39	7.135	2501025.858	1117429.246	384.418
2459292.027166673	18	3	2021	12	39	7.201	2501025.858	1117429.247	384.418
2459292.027167425	18	3	2021	12	39	7.266	2501025.857	1117429.243	384.423
2459292.027168015	18	3	2021	12	39	7.316	2501025.856	1117429.241	384.426
2459292.027168802	18	3	2021	12	39	7.384	2501025.857	1117429.243	384.423
2459292.027169589	18	3	2021	12	39	7.452	2501025.857	1117429.243	384.424
2459292.027170353	18	3	2021	12	39	7.519	2501025.858	1117429.245	384.420
2459292.027170944	18	3	2021	12	39	7.570	2501025.858	1117429.243	384.416
2459292.027171696	18	3	2021	12	39	7.635	2501025.857	1117429.242	384.423
2459292.027172506	18	3	2021	12	39	7.705	2501025.859	1117429.249	384.419
2459292.027173050	18	3	2021	12	39	7.752	2501025.858	1117429.247	384.419
2459292.027174010	18	3	2021	12	39	7.834	2501025.859	1117429.250	384.417
2459292.027174589	18	3	2021	12	39	7.885	2501025.857	1117429.243	384.416
2459292.027175365	18	3	2021	12	39	7.952	2501025.858	1117429.245	384.416
2459292.027176140	18	3	2021	12	39	8.018	2501025.858	1117429.245	384.419
2459292.027177089	18	3	2021	12	39	8.100	2501025.857	1117429.242	384.419
2459292.027179601	18	3	2021	12	39	8.318	2501025.857	1117429.242	384.421
2459292.027180561	18	3	2021	12	39	8.400	2501025.857	1117429.242	384.419
2459292.027181140	18	3	2021	12	39	8.451	2501025.856	1117429.240	384.419
2459292.027181915	18	3	2021	12	39	8.517	2501025.856	1117429.238	384.418
2459292.027182518	18	3	2021	12	39	8.570	2501025.856	1117429.239	384.419
2459292.027183258	18	3	2021	12	39	8.633	2501025.858	1117429.245	384.421
2459292.027184832	18	3	2021	12	39	8.769	2501025.857	1117429.245	384.416
2459292.027185596	18	3	2021	12	39	8.835	2501025.857	1117429.244	384.418
2459292.027186349	18	3	2021	12	39	8.901	2501025.858	1117429.246	384.419
2459292.027186939	18	3	2021	12	39	8.952	2501025.855	1117429.237	384.419
2459292.027187679	18	3	2021	12	39	9.015	2501025.857	1117429.242	384.419
2459292.027188455	18	3	2021	12	39	9.083	2501025.857	1117429.242	384.418
2459292.027190018	18	3	2021	12	39	9.218	2501025.857	1117429.243	384.422
2459292.027190596	18	3	2021	12	39	9.267	2501025.858	1117429.241	384.415
2459292.027191372	18	3	2021	12	39	9.335	2501025.861	1117429.245	384.412
2459292.027192135	18	3	2021	12	39	9.400	2501025.865	1117429.243	384.418
2459292.027192922	18	3	2021	12	39	9.468	2501025.870	1117429.244	384.416
2459292.027193489	18	3	2021	12	39	9.517	2501025.875	1117429.240	384.417
2459292.027194265	18	3	2021	12	39	9.584	2501025.884	1117429.237	384.414
2459292.027195041	18	3	2021	12	39	9.652	2501025.894	1117429.236	384.417
2459292.027195804	18	3	2021	12	39	9.717	2501025.905	1117429.228	384.421
2459292.027196395	18	3	2021	12	39	9.769	2501025.919	1117429.223	384.420
2459292.027197182	18	3	2021	12	39	9.837	2501025.936	1117429.220	384.420
2459292.027197946	18	3	2021	12	39	9.903	2501025.956	1117429.211	384.418
2459292.027198536	18	3	2021	12	39	9.953	2501026.000	1117429.196	384.418
2459292.027200087	18	3	2021	12	39	10.088	2501026.025	1117429.186	384.420
2459292.027200851	18	3	2021	12	39	10.154	2501026.054	1117429.179	384.422
2459292.027201395	18	3	2021	12	39	10.201	2501026.087	1117429.173	384.418
2459292.027202355	18	3	2021	12	39	10.283	2501026.119	1117429.158	384.418
2459292.027202922	18	3	2021	12	39	10.332	2501026.159	1117429.153	384.421
2459292.027203906	18	3	2021	12	39	10.417	2501026.198	1117429.135	384.420
2459292.027204473	18	3	2021	12	39	10.466	2501026.235	1117429.119	384.418
2459292.027205006	18	3	2021	12	39	10.513	2501026.283	1117429.105	384.419
2459292.027205839	18	3	2021	12	39	10.584	2501026.330	1117429.088	384.422
2459292.027206603	18	3	2021	12	39	10.650	2501026.381	1117429.073	384.415
2459292.027207390	18	3	2021	12	39	10.718	2501026.437	1117429.055	384.415
2459292.027207969	18	3	2021	12	39	10.769	2501026.550	1117429.017	384.414
2459292.027209878	18	3	2021	12	39	10.933	2501026.677	1117428.976	384.421
2459292.027211024	18	3	2021	12	39	11.032	2501026.750	1117428.959	384.418
2459292.027211788	18	3	2021	12	39	11.098	2501026.818	1117428.929	384.422
2459292.027212610	18	3	2021	12	39	11.170	2501026.894	1117428.910	384.421
2459292.027213154	18	3	2021	12	39	11.216	2501026.971	1117428.884	384.423
2459292.027213953	18	3	2021	12	39	11.286	2501027.043	1117428.859	384.425
2459292.027214705	18	3	2021	12	39	11.351	2501027.128	1117428.837	384.420
2459292.027215492	18	3	2021	12	39	11.419	2501027.212	1117428.806	384.423
2459292.027216059	18	3	2021	12	39	11.468	2501027.301	1117428.779	384.423
2459292.027216834	18	3	2021	12	39	11.534	2501027.386	1117428.746	384.424
2459292.027217598	18	3	2021	12	39	11.600	2501027.482	1117428.717	384.424
2459292.027218385	18	3	2021	12	39	11.668	2501027.575	1117428.690	384.425
2459292.027218952	18	3	2021	12	39	11.717	2501027.676	1117428.656	384.420
2459292.027219739	18	3	2021	12	39	11.785	2501027.877	1117428.589	384.423
2459292.027221279	18	3	2021	12	39	11.919	2501027.992	1117428.548	384.421
2459292.027222042	18	3	2021	12	39	11.984	2501028.094	1117428.520	384.425
2459292.027222633	18	3	2021	12	39	12.035	2501028.204	1117428.477	384.426
2459292.027223350	18	3	2021	12	39	12.097	2501028.330	1117428.442	384.424
2459292.027224021	18	3	2021	12	39	12.155	2501028.439	1117428.404	384.428
2459292.027224762	18	3	2021	12	39	12.219	2501028.563	1117428.367	384.426
2459292.027225573	18	3	2021	12	39	12.290	2501028.691	1117428.330	384.427
2459292.027226290	18	3	2021	12	39	12.351	2501029.074	1117428.212	384.428
2459292.027229369	18	3	2021	12	39	12.617	2501029.210	1117428.160	384.429
2459292.027230330	18	3	2021	12	39	12.700	2501029.351	1117428.115	384.427
2459292.027230908	18	3	2021	12	39	12.750	2501029.628	1117428.028	384.434
2459292.027231499	18	3	2021	12	39	12.802	2501029.772	1117427.983	384.429
2459292.027232216	18	3	2021	12	39	12.863	2501029.917	1117427.938	384.430
2459292.027232957	18	3	2021	12	39	12.927	2501030.069	1117427.887	384.428
2459292.027233802	18	3	2021	12	39	13.000	2501030.230	1117427.835	384.429
2459292.027234415	18	3	2021	12	39	13.053	2501030.381	1117427.791	384.422
2459292.027235387	18	3	2021	12	39	13.137	2501030.869	1117427.636	384.434
2459292.027237309	18	3	2021	12	39	13.304	2501031.034	1117427.582	384.434
2459292.027238072	18	3	2021	12	39	13.369	2501031.210	1117427.528	384.434
2459292.027238825	18	3	2021	12	39	13.434	2501031.390	1117427.474	384.427
2459292.027239751	18	3	2021	12	39	13.514	2501031.743	1117427.362	384.432
2459292.027240932	18	3	2021	12	39	13.617	2501031.926	1117427.298	384.430
2459292.027241707	18	3	2021	12	39	13.683	2501032.111	1117427.244	384.436
2459292.027242343	18	3	2021	12	39	13.738	2501032.674	1117427.071	384.432
2459292.027244681	18	3	2021	12	39	13.940	2501032.877	1117427.004	384.433
2459292.027245191	18	3	2021	12	39	13.984	2501033.065	1117426.941	384.436
2459292.027246094	18	3	2021	12	39	14.063	2501033.275	1117426.882	384.436
2459292.027246904	18	3	2021	12	39	14.133	2501033.674	1117426.749	384.437
2459292.027248062	18	3	2021	12	39	14.233	2501033.873	1117426.690	384.430
2459292.027248837	18	3	2021	12	39	14.300	2501034.067	1117426.622	384.433
2459292.027249624	18	3	2021	12	39	14.368	2501034.273	1117426.559	384.429
2459292.027250458	18	3	2021	12	39	14.440	2501034.479	1117426.494	384.437
2459292.027250990	18	3	2021	12	39	14.486	2501034.690	1117426.423	384.440
2459292.027251557	18	3	2021	12	39	14.535	2501034.909	1117426.356	384.438
2459292.027252552	18	3	2021	12	39	14.621	2501035.126	1117426.282	384.432
2459292.027253131	18	3	2021	12	39	14.671	2501035.577	1117426.136	384.439
2459292.027254450	18	3	2021	12	39	14.784	2501035.809	1117426.065	384.440
2459292.027255214	18	3	2021	12	39	14.850	2501036.028	1117425.995	384.437
2459292.027255978	18	3	2021	12	39	14.916	2501036.254	1117425.925	384.437
2459292.027256603	18	3	2021	12	39	14.970	2501036.479	1117425.854	384.440
2459292.027257205	18	3	2021	12	39	15.023	2501036.718	1117425.779	384.440
2459292.027257980	18	3	2021	12	39	15.089	2501036.960	1117425.702	384.433
2459292.027258733	18	3	2021	12	39	15.155	2501037.205	1117425.626	384.438
2459292.027259497	18	3	2021	12	39	15.221	2501037.458	1117425.545	384.440
2459292.027260052	18	3	2021	12	39	15.268	2501037.695	1117425.468	384.444
2459292.027260851	18	3	2021	12	39	15.338	2501037.918	1117425.398	384.441
2459292.027261580	18	3	2021	12	39	15.401	2501038.183	1117425.315	384.441
2459292.027262355	18	3	2021	12	39	15.467	2501038.416	1117425.242	384.441
2459292.027262737	18	3	2021	12	39	15.500	2501038.682	1117425.166	384.441
2459292.027263547	18	3	2021	12	39	15.570	2501038.924	1117425.089	384.440
2459292.027264323	18	3	2021	12	39	15.638	2501039.196	1117425.007	384.439
2459292.027265087	18	3	2021	12	39	15.703	2501039.454	1117424.927	384.443
2459292.027265677	18	3	2021	12	39	15.755	2501039.715	1117424.848	384.442
2459292.027266209	18	3	2021	12	39	15.800	2501039.964	1117424.770	384.442
2459292.027267020	18	3	2021	12	39	15.871	2501040.230	1117424.688	384.447
2459292.027267599	18	3	2021	12	39	15.921	2501040.503	1117424.603	384.445
2459292.027268351	18	3	2021	12	39	15.986	2501040.751	1117424.526	384.449
2459292.027268918	18	3	2021	12	39	16.035	2501041.026	1117424.441	384.448
2459292.027269693	18	3	2021	12	39	16.101	2501041.295	1117424.362	384.452
2459292.027270261	18	3	2021	12	39	16.151	2501041.561	1117424.277	384.452
2459292.027271036	18	3	2021	12	39	16.218	2501041.857	1117424.181	384.453
2459292.027271627	18	3	2021	12	39	16.269	2501042.109	1117424.101	384.452
2459292.027272541	18	3	2021	12	39	16.348	2501042.677	1117423.914	384.452
2459292.027273744	18	3	2021	12	39	16.451	2501043.254	1117423.739	384.456
2459292.027275110	18	3	2021	12	39	16.570	2501043.531	1117423.659	384.458
2459292.027275874	18	3	2021	12	39	16.635	2501043.815	1117423.569	384.462
2459292.027276452	18	3	2021	12	39	16.685	2501044.104	1117423.480	384.463
2459292.027277043	18	3	2021	12	39	16.737	2501044.401	1117423.387	384.463
2459292.027277783	18	3	2021	12	39	16.800	2501044.677	1117423.300	384.467
2459292.027278339	18	3	2021	12	39	16.848	2501044.992	1117423.206	384.466
2459292.027279241	18	3	2021	12	39	16.926	2501045.281	1117423.111	384.474
2459292.027280098	18	3	2021	12	39	17.000	2501045.883	1117422.926	384.475
2459292.027281070	18	3	2021	12	39	17.084	2501046.201	1117422.832	384.489
2459292.027281846	18	3	2021	12	39	17.151	2501046.502	1117422.734	384.481
2459292.027282413	18	3	2021	12	39	17.200	2501046.803	1117422.639	384.481
2459292.027282980	18	3	2021	12	39	17.249	2501047.113	1117422.546	384.485
2459292.027283975	18	3	2021	12	39	17.335	2501047.724	1117422.356	384.491
2459292.027285133	18	3	2021	12	39	17.435	2501048.016	1117422.266	384.489
2459292.027285700	18	3	2021	12	39	17.484	2501048.340	1117422.168	384.491
2459292.027286279	18	3	2021	12	39	17.535	2501048.650	1117422.071	384.499
2459292.027287262	18	3	2021	12	39	17.619	2501049.273	1117421.880	384.505
2459292.027288420	18	3	2021	12	39	17.719	2501049.608	1117421.772	384.509
2459292.027288987	18	3	2021	12	39	17.768	2501049.939	1117421.669	384.510
2459292.027289531	18	3	2021	12	39	17.815	2501050.584	1117421.471	384.524
2459292.027291082	18	3	2021	12	39	17.949	2501051.233	1117421.274	384.522
2459292.027292228	18	3	2021	12	39	18.048	2501051.548	1117421.181	384.523
2459292.027293026	18	3	2021	12	39	18.117	2501052.210	1117420.975	384.527
2459292.027294184	18	3	2021	12	39	18.218	2501052.553	1117420.870	384.530
2459292.027294774	18	3	2021	12	39	18.268	2501052.883	1117420.773	384.537
2459292.027295330	18	3	2021	12	39	18.317	2501053.213	1117420.676	384.536
2459292.027296105	18	3	2021	12	39	18.383	2501053.535	1117420.578	384.536
2459292.027296858	18	3	2021	12	39	18.449	2501053.868	1117420.478	384.538
2459292.027297448	18	3	2021	12	39	18.499	2501054.216	1117420.376	384.542
2459292.027298003	18	3	2021	12	39	18.547	2501054.574	1117420.269	384.537
2459292.027298617	18	3	2021	12	39	18.601	2501054.899	1117420.171	384.545
2459292.027299450	18	3	2021	12	39	18.672	2501055.550	1117419.973	384.541
2459292.027300561	18	3	2021	12	39	18.768	2501055.899	1117419.867	384.546
2459292.027301151	18	3	2021	12	39	18.819	2501056.251	1117419.764	384.547
2459292.027301684	18	3	2021	12	39	18.865	2501056.608	1117419.659	384.554
2459292.027302286	18	3	2021	12	39	18.918	2501056.940	1117419.549	384.555
2459292.027303061	18	3	2021	12	39	18.984	2501057.297	1117419.440	384.555
2459292.027303651	18	3	2021	12	39	19.035	2501057.623	1117419.338	384.559
2459292.027304184	18	3	2021	12	39	19.082	2501057.986	1117419.228	384.563
2459292.027304785	18	3	2021	12	39	19.133	2501058.313	1117419.109	384.562
2459292.027305769	18	3	2021	12	39	19.218	2501058.993	1117418.915	384.570
2459292.027306742	18	3	2021	12	39	19.303	2501059.687	1117418.706	384.570
2459292.027307876	18	3	2021	12	39	19.400	2501060.031	1117418.609	384.574
2459292.027308443	18	3	2021	12	39	19.449	2501060.379	1117418.501	384.579
2459292.027309010	18	3	2021	12	39	19.498	2501060.735	1117418.397	384.579
2459292.027310017	18	3	2021	12	39	19.585	2501061.473	1117418.175	384.585
2459292.027311151	18	3	2021	12	39	19.683	2501062.548	1117417.857	384.587
2459292.027312876	18	3	2021	12	39	19.833	2501063.267	1117417.647	384.590
2459292.027313860	18	3	2021	12	39	19.918	2501063.622	1117417.539	384.590
2459292.027314647	18	3	2021	12	39	19.986	2501064.004	1117417.424	384.593
2459292.027315225	18	3	2021	12	39	20.035	2501064.347	1117417.319	384.588
2459292.027315781	18	3	2021	12	39	20.083	2501064.720	1117417.207	384.594
2459292.027316348	18	3	2021	12	39	20.132	2501065.102	1117417.092	384.599
2459292.027317135	18	3	2021	12	39	20.200	2501065.454	1117416.983	384.596
2459292.027317679	18	3	2021	12	39	20.247	2501065.819	1117416.875	384.597
2459292.027318408	18	3	2021	12	39	20.310	2501066.558	1117416.649	384.602
2459292.027319450	18	3	2021	12	39	20.400	2501066.948	1117416.529	384.606
2459292.027320214	18	3	2021	12	39	20.466	2501067.297	1117416.424	384.605
2459292.027320770	18	3	2021	12	39	20.515	2501068.061	1117416.190	384.607
2459292.027321938	18	3	2021	12	39	20.615	2501068.432	1117416.082	384.611
2459292.027322725	18	3	2021	12	39	20.683	2501069.177	1117415.862	384.615
2459292.027323709	18	3	2021	12	39	20.768	2501069.550	1117415.750	384.619
2459292.027324276	18	3	2021	12	39	20.817	2501070.322	1117415.519	384.642
2459292.027325642	18	3	2021	12	39	20.935	2501070.696	1117415.407	384.627
2459292.027326209	18	3	2021	12	39	20.984	2501071.094	1117415.291	384.632
2459292.027326799	18	3	2021	12	39	21.035	2501071.461	1117415.174	384.635
2459292.027327563	18	3	2021	12	39	21.101	2501072.190	1117414.963	384.642
2459292.027328524	18	3	2021	12	39	21.184	2501072.563	1117414.850	384.643
2459292.027329068	18	3	2021	12	39	21.231	2501072.924	1117414.736	384.647
2459292.027329623	18	3	2021	12	39	21.279	2501073.323	1117414.615	384.651
2459292.027330248	18	3	2021	12	39	21.333	2501073.717	1117414.504	384.657
2459292.027331024	18	3	2021	12	39	21.400	2501074.486	1117414.271	384.671
2459292.027331996	18	3	2021	12	39	21.484	2501074.825	1117414.168	384.669
2459292.027332563	18	3	2021	12	39	21.533	2501075.203	1117414.060	384.673
2459292.027333142	18	3	2021	12	39	21.583	2501075.580	1117413.948	384.678
2459292.027333709	18	3	2021	12	39	21.632	2501075.962	1117413.836	384.679
2459292.027334334	18	3	2021	12	39	21.686	2501076.334	1117413.726	384.679
2459292.027334878	18	3	2021	12	39	21.733	2501076.710	1117413.617	384.685
2459292.027335654	18	3	2021	12	39	21.801	2501077.454	1117413.403	384.693
2459292.027336637	18	3	2021	12	39	21.885	2501077.817	1117413.299	384.693
2459292.027337216	18	3	2021	12	39	21.935	2501078.223	1117413.183	384.701
2459292.027337772	18	3	2021	12	39	21.983	2501078.571	1117413.078	384.706
2459292.027338327	18	3	2021	12	39	22.031	2501078.955	1117412.966	384.708
2459292.027338929	18	3	2021	12	39	22.083	2501079.696	1117412.746	384.718
2459292.027339925	18	3	2021	12	39	22.170	2501080.103	1117412.626	384.720
2459292.027340654	18	3	2021	12	39	22.232	2501080.822	1117412.413	384.724
2459292.027342031	18	3	2021	12	39	22.351	2501081.598	1117412.187	384.732
2459292.027343004	18	3	2021	12	39	22.436	2501082.365	1117411.952	384.739
2459292.027344149	18	3	2021	12	39	22.534	2501082.704	1117411.858	384.744
2459292.027344913	18	3	2021	12	39	22.601	2501083.474	1117411.632	384.753
2459292.027345689	18	3	2021	12	39	22.668	2501083.844	1117411.527	384.758
2459292.027346256	18	3	2021	12	39	22.717	2501084.608	1117411.301	384.769
2459292.027347228	18	3	2021	12	39	22.801	2501084.992	1117411.189	384.769
2459292.027347795	18	3	2021	12	39	22.850	2501085.362	1117411.078	384.775
2459292.027348339	18	3	2021	12	39	22.896	2501086.129	1117410.861	384.783
2459292.027349369	18	3	2021	12	39	22.985	2501086.496	1117410.758	384.788
2459292.027349948	18	3	2021	12	39	23.036	2501086.852	1117410.656	384.794
2459292.027350712	18	3	2021	12	39	23.102	2501087.610	1117410.434	384.803
2459292.027351487	18	3	2021	12	39	23.168	2501087.955	1117410.340	384.810
2459292.027352263	18	3	2021	12	39	23.236	2501088.330	1117410.229	384.810
2459292.027352841	18	3	2021	12	39	23.285	2501089.054	1117410.020	384.825
2459292.027353802	18	3	2021	12	39	23.369	2501089.791	1117409.805	384.836
2459292.027354901	18	3	2021	12	39	23.463	2501090.519	1117409.593	384.849
2459292.027355920	18	3	2021	12	39	23.551	2501091.208	1117409.392	384.859
2459292.027356892	18	3	2021	12	39	23.635	2501091.552	1117409.288	384.864
2459292.027357633	18	3	2021	12	39	23.700	2501092.287	1117409.081	384.871
2459292.027358431	18	3	2021	12	39	23.768	2501092.627	1117408.987	384.874
2459292.027358999	18	3	2021	12	39	23.818	2501092.969	1117408.891	384.877
2459292.027359774	18	3	2021	12	39	23.884	2501093.335	1117408.788	384.885
2459292.027360353	18	3	2021	12	39	23.935	2501094.051	1117408.585	384.896
2459292.027361337	18	3	2021	12	39	24.020	2501094.411	1117408.481	384.899
2459292.027361892	18	3	2021	12	39	24.067	2501094.780	1117408.379	384.905
2459292.027362471	18	3	2021	12	39	24.117	2501095.120	1117408.276	384.910
2459292.027363073	18	3	2021	12	39	24.170	2501095.466	1117408.180	384.925
2459292.027363663	18	3	2021	12	39	24.220	2501096.128	1117407.995	384.924
2459292.027364207	18	3	2021	12	39	24.267	2501096.481	1117407.889	384.930
2459292.027364762	18	3	2021	12	39	24.315	2501097.191	1117407.685	384.935
2459292.027365943	18	3	2021	12	39	24.417	2501097.549	1117407.580	384.940
2459292.027366464	18	3	2021	12	39	24.462	2501097.924	1117407.476	384.949
2459292.027367216	18	3	2021	12	39	24.527	2501098.574	1117407.276	384.956
2459292.027368061	18	3	2021	12	39	24.600	2501099.828	1117406.906	384.971
2459292.027369797	18	3	2021	12	39	24.750	2501100.811	1117406.620	384.992
2459292.027370989	18	3	2021	12	39	24.853	2501101.139	1117406.533	384.995
2459292.027371545	18	3	2021	12	39	24.901	2501101.786	1117406.338	385.006
2459292.027372494	18	3	2021	12	39	24.983	2501102.454	1117406.152	385.019
2459292.027373467	18	3	2021	12	39	25.068	2501102.766	1117406.065	385.027
2459292.027374033	18	3	2021	12	39	25.116	2501103.426	1117405.878	385.033
2459292.027375202	18	3	2021	12	39	25.217	2501103.743	1117405.789	385.039
2459292.027375758	18	3	2021	12	39	25.266	2501104.392	1117405.605	385.053
2459292.027376348	18	3	2021	12	39	25.316	2501105.056	1117405.413	385.060
2459292.027377320	18	3	2021	12	39	25.400	2501105.364	1117405.323	385.062
2459292.027378107	18	3	2021	12	39	25.468	2501105.711	1117405.217	385.061
2459292.027378663	18	3	2021	12	39	25.516	2501106.677	1117404.943	385.089
2459292.027379821	18	3	2021	12	39	25.617	2501107.327	1117404.754	385.088
2459292.027380989	18	3	2021	12	39	25.717	2501108.315	1117404.470	385.096
2459292.027382135	18	3	2021	12	39	25.816	2501108.631	1117404.381	385.110
2459292.027382679	18	3	2021	12	39	25.863	2501108.960	1117404.291	385.113
2459292.027383270	18	3	2021	12	39	25.915	2501109.610	1117404.103	385.120
2459292.027384276	18	3	2021	12	39	26.001	2501109.934	1117404.005	385.120
2459292.027385040	18	3	2021	12	39	26.067	2501110.884	1117403.737	385.136
2459292.027386012	18	3	2021	12	39	26.151	2501111.189	1117403.649	385.137
2459292.027386580	18	3	2021	12	39	26.201	2501111.817	1117403.468	385.151
2459292.027387517	18	3	2021	12	39	26.281	2501112.567	1117403.249	385.162
2459292.027388894	18	3	2021	12	39	26.400	2501113.152	1117403.078	385.174
2459292.027389670	18	3	2021	12	39	26.467	2501113.705	1117402.920	385.184
2459292.027390433	18	3	2021	12	39	26.533	2501114.260	1117402.755	385.194
2459292.027391406	18	3	2021	12	39	26.617	2501114.835	1117402.586	385.206
2459292.027392170	18	3	2021	12	39	26.683	2501115.386	1117402.428	385.221
2459292.027392945	18	3	2021	12	39	26.750	2501115.925	1117402.271	385.226
2459292.027393918	18	3	2021	12	39	26.835	2501116.492	1117402.104	385.241
2459292.027394878	18	3	2021	12	39	26.917	2501117.080	1117401.942	385.246
2459292.027395665	18	3	2021	12	39	26.985	2501118.169	1117401.634	385.259
2459292.027397216	18	3	2021	12	39	27.119	2501118.733	1117401.482	385.265
2459292.027398154	18	3	2021	12	39	27.201	2501119.842	1117401.164	385.278
2459292.027399704	18	3	2021	12	39	27.334	2501120.390	1117401.005	385.286
2459292.027400665	18	3	2021	12	39	27.417	2501120.937	1117400.850	385.295
2459292.027401440	18	3	2021	12	39	27.484	2501121.505	1117400.681	385.314
2459292.027402424	18	3	2021	12	39	27.569	2501122.046	1117400.518	385.305
2459292.027403188	18	3	2021	12	39	27.635	2501122.613	1117400.350	385.333
2459292.027404334	18	3	2021	12	39	27.734	2501123.708	1117400.030	385.349
2459292.027405665	18	3	2021	12	39	27.849	2501124.239	1117399.878	385.359
2459292.027406695	18	3	2021	12	39	27.938	2501124.805	1117399.713	385.376
2459292.027407690	18	3	2021	12	39	28.024	2501125.334	1117399.559	385.383
2459292.027408269	18	3	2021	12	39	28.074	2501125.882	1117399.400	385.400
2459292.027409138	18	3	2021	12	39	28.150	2501126.413	1117399.251	385.414
2459292.027409925	18	3	2021	12	39	28.218	2501126.956	1117399.094	385.426
2459292.027410885	18	3	2021	12	39	28.300	2501127.514	1117398.937	385.437
2459292.027411672	18	3	2021	12	39	28.368	2501128.067	1117398.782	385.451
2459292.027412448	18	3	2021	12	39	28.436	2501128.585	1117398.635	385.455
2459292.027413408	18	3	2021	12	39	28.518	2501129.132	1117398.482	385.466
2459292.027413999	18	3	2021	12	39	28.570	2501129.621	1117398.341	385.482
2459292.027414913	18	3	2021	12	39	28.648	2501130.153	1117398.194	385.487
2459292.027415770	18	3	2021	12	39	28.723	2501130.711	1117398.034	385.505
2459292.027416846	18	3	2021	12	39	28.815	2501131.210	1117397.887	385.509
2459292.027417564	18	3	2021	12	39	28.878	2501131.726	1117397.748	385.528
2459292.027418443	18	3	2021	12	39	28.953	2501132.254	1117397.589	385.535
2459292.027419358	18	3	2021	12	39	29.033	2501132.771	1117397.441	385.543
2459292.027419995	18	3	2021	12	39	29.088	2501133.271	1117397.299	385.557
2459292.027420932	18	3	2021	12	39	29.169	2501134.292	1117397.014	385.578
2459292.027422471	18	3	2021	12	39	29.301	2501134.788	1117396.870	385.585
2459292.027423258	18	3	2021	12	39	29.369	2501135.298	1117396.719	385.602
2459292.027424022	18	3	2021	12	39	29.436	2501135.814	1117396.569	385.607
2459292.027424994	18	3	2021	12	39	29.519	2501136.299	1117396.430	385.619
2459292.027425562	18	3	2021	12	39	29.569	2501136.824	1117396.284	385.635
2459292.027426325	18	3	2021	12	39	29.634	2501137.322	1117396.142	385.643
2459292.027427309	18	3	2021	12	39	29.720	2501137.803	1117395.997	385.655
2459292.027428073	18	3	2021	12	39	29.785	2501138.290	1117395.854	385.670
2459292.027428814	18	3	2021	12	39	29.850	2501138.810	1117395.701	385.684
2459292.027429589	18	3	2021	12	39	29.916	2501139.318	1117395.558	385.697
2459292.027430364	18	3	2021	12	39	29.983	2501139.794	1117395.421	385.707
2459292.027431279	18	3	2021	12	39	30.063	2501140.267	1117395.279	385.716
2459292.027432101	18	3	2021	12	39	30.134	2501140.779	1117395.137	385.733
2459292.027432702	18	3	2021	12	39	30.185	2501141.237	1117395.005	385.742
2459292.027433432	18	3	2021	12	39	30.249	2501141.730	1117394.866	385.756
2459292.027434242	18	3	2021	12	39	30.319	2501142.201	1117394.732	385.766
2459292.027435017	18	3	2021	12	39	30.385	2501142.689	1117394.589	385.778
2459292.027435955	18	3	2021	12	39	30.467	2501143.164	1117394.449	385.784
2459292.027436545	18	3	2021	12	39	30.517	2501143.623	1117394.320	385.790
2459292.027437320	18	3	2021	12	39	30.584	2501144.088	1117394.184	385.809
2459292.027438281	18	3	2021	12	39	30.667	2501144.578	1117394.051	385.821
2459292.027439045	18	3	2021	12	39	30.733	2501145.020	1117393.920	385.828
2459292.027439636	18	3	2021	12	39	30.785	2501145.492	1117393.780	385.840
2459292.027440399	18	3	2021	12	39	30.850	2501145.961	1117393.646	385.856
2459292.027441407	18	3	2021	12	39	30.938	2501146.435	1117393.513	385.868
2459292.027441938	18	3	2021	12	39	30.983	2501146.896	1117393.380	385.877
2459292.027442668	18	3	2021	12	39	31.047	2501147.376	1117393.241	385.893
2459292.027443617	18	3	2021	12	39	31.129	2501147.846	1117393.108	385.908
2459292.027444195	18	3	2021	12	39	31.178	2501148.293	1117392.975	385.923
2459292.027445179	18	3	2021	12	39	31.263	2501148.760	1117392.847	385.937
2459292.027446186	18	3	2021	12	39	31.350	2501149.667	1117392.585	385.965
2459292.027447355	18	3	2021	12	39	31.451	2501150.102	1117392.462	385.971
2459292.027448131	18	3	2021	12	39	31.518	2501150.581	1117392.325	385.982
2459292.027448721	18	3	2021	12	39	31.570	2501150.998	1117392.201	385.994
2459292.027449682	18	3	2021	12	39	31.653	2501151.470	1117392.066	385.998
2459292.027450434	18	3	2021	12	39	31.717	2501152.359	1117391.805	386.014
2459292.027451776	18	3	2021	12	39	31.833	2501152.790	1117391.686	386.044
2459292.027452563	18	3	2021	12	39	31.901	2501153.215	1117391.564	386.060
2459292.027453108	18	3	2021	12	39	31.949	2501153.644	1117391.438	386.075
2459292.027453906	18	3	2021	12	39	32.017	2501154.115	1117391.309	386.087
2459292.027454682	18	3	2021	12	39	32.085	2501154.540	1117391.186	386.102
2459292.027455666	18	3	2021	12	39	32.170	2501155.458	1117390.928	386.129
2459292.027457031	18	3	2021	12	39	32.287	2501155.870	1117390.807	386.141
2459292.027457795	18	3	2021	12	39	32.353	2501156.329	1117390.678	386.153
2459292.027458559	18	3	2021	12	39	32.419	2501156.780	1117390.548	386.168
2459292.027459335	18	3	2021	12	39	32.487	2501157.183	1117390.429	386.178
2459292.027459902	18	3	2021	12	39	32.536	2501157.634	1117390.301	386.193
2459292.027460886	18	3	2021	12	39	32.621	2501158.070	1117390.178	386.207
2459292.027461649	18	3	2021	12	39	32.686	2501158.504	1117390.059	386.218
2459292.027462205	18	3	2021	12	39	32.735	2501158.937	1117389.928	386.233
2459292.027462969	18	3	2021	12	39	32.801	2501159.342	1117389.806	386.245
2459292.027463941	18	3	2021	12	39	32.884	2501159.770	1117389.686	386.256
2459292.027464531	18	3	2021	12	39	32.935	2501160.178	1117389.566	386.262
2459292.027465283	18	3	2021	12	39	33.000	2501160.601	1117389.446	386.278
2459292.027465851	18	3	2021	12	39	33.050	2501161.006	1117389.332	386.287
2459292.027466614	18	3	2021	12	39	33.115	2501161.434	1117389.208	386.299
2459292.027467240	18	3	2021	12	39	33.170	2501161.821	1117389.096	386.309
2459292.028082170	18	3	2021	12	40	26.299	2501200.192	1117378.101	387.515
2459292.028085457	18	3	2021	12	40	26.583	2501200.192	1117378.101	387.516
2459292.028086822	18	3	2021	12	40	26.701	2501200.191	1117378.101	387.515
2459292.028087968	18	3	2021	12	40	26.800	2501200.192	1117378.102	387.516
2459292.028088512	18	3	2021	12	40	26.847	2501200.192	1117378.101	387.515
2459292.028089114	18	3	2021	12	40	26.899	2501200.192	1117378.101	387.516
2459292.028089728	18	3	2021	12	40	26.953	2501200.192	1117378.102	387.516
2459292.028090469	18	3	2021	12	40	27.017	2501200.192	1117378.101	387.516
2459292.028091649	18	3	2021	12	40	27.118	2501200.192	1117378.101	387.516
2459292.028092239	18	3	2021	12	40	27.169	2501200.191	1117378.101	387.516
2459292.028092806	18	3	2021	12	40	27.218	2501200.192	1117378.101	387.515
2459292.028093339	18	3	2021	12	40	27.264	2501200.191	1117378.101	387.515
2459292.028093964	18	3	2021	12	40	27.318	2501200.191	1117378.101	387.515
2459292.028094728	18	3	2021	12	40	27.384	2501200.191	1117378.102	387.516
2459292.028095353	18	3	2021	12	40	27.438	2501200.192	1117378.102	387.516
2459292.028095931	18	3	2021	12	40	27.488	2501200.192	1117378.101	387.516
2459292.028096498	18	3	2021	12	40	27.537	2501200.192	1117378.102	387.516
2459292.028097043	18	3	2021	12	40	27.584	2501200.192	1117378.102	387.515
2459292.028097622	18	3	2021	12	40	27.635	2501200.192	1117378.102	387.515
2459292.028098212	18	3	2021	12	40	27.686	2501200.192	1117378.102	387.514
2459292.028098790	18	3	2021	12	40	27.735	2501200.191	1117378.103	387.515
2459292.028099543	18	3	2021	12	40	27.801	2501200.191	1117378.102	387.515
2459292.028100133	18	3	2021	12	40	27.851	2501200.192	1117378.103	387.515
2459292.028100700	18	3	2021	12	40	27.900	2501200.192	1117378.102	387.514
2459292.028101291	18	3	2021	12	40	27.952	2501200.194	1117378.101	387.515
2459292.028101858	18	3	2021	12	40	28.001	2501200.197	1117378.102	387.515
2459292.028102436	18	3	2021	12	40	28.050	2501200.200	1117378.100	387.515
2459292.028103027	18	3	2021	12	40	28.102	2501200.204	1117378.101	387.515
2459292.028103629	18	3	2021	12	40	28.154	2501200.208	1117378.099	387.515
2459292.028104427	18	3	2021	12	40	28.222	2501200.214	1117378.100	387.515
2459292.028105006	18	3	2021	12	40	28.273	2501200.219	1117378.097	387.516
2459292.028105573	18	3	2021	12	40	28.321	2501200.225	1117378.097	387.516
2459292.028106117	18	3	2021	12	40	28.369	2501200.233	1117378.095	387.515
2459292.028106684	18	3	2021	12	40	28.417	2501200.241	1117378.093	387.516
2459292.028107425	18	3	2021	12	40	28.482	2501200.250	1117378.088	387.517
2459292.028108027	18	3	2021	12	40	28.534	2501200.283	1117378.077	387.519
2459292.028109786	18	3	2021	12	40	28.686	2501200.296	1117378.074	387.519
2459292.028110364	18	3	2021	12	40	28.735	2501200.311	1117378.069	387.519
2459292.028111117	18	3	2021	12	40	28.801	2501200.343	1117378.060	387.521
2459292.028112055	18	3	2021	12	40	28.882	2501200.361	1117378.054	387.521
2459292.028112830	18	3	2021	12	40	28.949	2501200.381	1117378.049	387.522
2459292.028113432	18	3	2021	12	40	29.001	2501200.401	1117378.043	387.523
2459292.028114010	18	3	2021	12	40	29.050	2501200.423	1117378.039	387.524
2459292.028114589	18	3	2021	12	40	29.100	2501200.447	1117378.031	387.524
2459292.028115365	18	3	2021	12	40	29.168	2501200.499	1117378.017	387.526
2459292.028116522	18	3	2021	12	40	29.267	2501200.527	1117378.009	387.527
2459292.028117089	18	3	2021	12	40	29.316	2501200.558	1117378.000	387.529
2459292.028117888	18	3	2021	12	40	29.386	2501200.589	1117377.991	387.529
2459292.028118478	18	3	2021	12	40	29.437	2501200.656	1117377.971	387.532
2459292.028119612	18	3	2021	12	40	29.534	2501200.733	1117377.947	387.535
2459292.028120770	18	3	2021	12	40	29.635	2501200.776	1117377.935	387.536
2459292.028121314	18	3	2021	12	40	29.682	2501200.818	1117377.924	387.537
2459292.028121892	18	3	2021	12	40	29.731	2501200.862	1117377.910	387.539
2459292.028122691	18	3	2021	12	40	29.800	2501200.959	1117377.882	387.541
2459292.028123871	18	3	2021	12	40	29.902	2501201.065	1117377.855	387.546
2459292.028125006	18	3	2021	12	40	30.000	2501201.118	1117377.841	387.547
2459292.028125781	18	3	2021	12	40	30.067	2501201.236	1117377.806	387.552
2459292.028126753	18	3	2021	12	40	30.151	2501201.298	1117377.789	387.553
2459292.028127321	18	3	2021	12	40	30.201	2501201.365	1117377.768	387.556
2459292.028128049	18	3	2021	12	40	30.263	2501201.435	1117377.748	387.558
2459292.028128663	18	3	2021	12	40	30.316	2501201.508	1117377.727	387.561
2459292.028129242	18	3	2021	12	40	30.366	2501201.580	1117377.706	387.564
2459292.028130041	18	3	2021	12	40	30.436	2501201.654	1117377.685	387.566
2459292.028130619	18	3	2021	12	40	30.485	2501201.728	1117377.663	387.568
2459292.028131174	18	3	2021	12	40	30.533	2501201.885	1117377.618	387.574
2459292.028132309	18	3	2021	12	40	30.632	2501201.969	1117377.595	387.577
2459292.028132899	18	3	2021	12	40	30.682	2501202.052	1117377.572	387.581
2459292.028133490	18	3	2021	12	40	30.734	2501202.232	1117377.520	387.586
2459292.028134624	18	3	2021	12	40	30.832	2501202.322	1117377.494	387.589
2459292.028135226	18	3	2021	12	40	30.884	2501202.419	1117377.466	387.593
2459292.028135689	18	3	2021	12	40	30.924	2501202.519	1117377.439	387.596
2459292.028136221	18	3	2021	12	40	30.970	2501202.722	1117377.380	387.602
2459292.028137367	18	3	2021	12	40	31.069	2501202.829	1117377.350	387.606
2459292.028137934	18	3	2021	12	40	31.117	2501203.052	1117377.286	387.614
2459292.028139092	18	3	2021	12	40	31.218	2501203.169	1117377.252	387.617
2459292.028139670	18	3	2021	12	40	31.267	2501203.286	1117377.219	387.622
2459292.028141209	18	3	2021	12	40	31.400	2501203.533	1117377.147	387.630
2459292.028142182	18	3	2021	12	40	31.485	2501203.661	1117377.111	387.634
2459292.028143131	18	3	2021	12	40	31.567	2501203.925	1117377.036	387.643
2459292.028143339	18	3	2021	12	40	31.584	2501204.077	1117376.991	387.648
2459292.028144115	18	3	2021	12	40	31.652	2501204.237	1117376.947	387.654
2459292.028144693	18	3	2021	12	40	31.701	2501204.384	1117376.904	387.659
2459292.028145272	18	3	2021	12	40	31.751	2501204.538	1117376.860	387.663
2459292.028145839	18	3	2021	12	40	31.800	2501204.686	1117376.816	387.669
2459292.028146395	18	3	2021	12	40	31.849	2501204.847	1117376.773	387.671
2459292.028146973	18	3	2021	12	40	31.898	2501204.998	1117376.731	387.678
2459292.028147691	18	3	2021	12	40	31.960	2501205.156	1117376.683	387.685
2459292.028148385	18	3	2021	12	40	32.020	2501205.479	1117376.587	387.697
2459292.028149358	18	3	2021	12	40	32.105	2501205.648	1117376.542	387.702
2459292.028149936	18	3	2021	12	40	32.154	2501205.816	1117376.492	387.707
2459292.028150469	18	3	2021	12	40	32.201	2501206.168	1117376.388	387.720
2459292.028151637	18	3	2021	12	40	32.301	2501206.536	1117376.285	387.732
2459292.028152598	18	3	2021	12	40	32.384	2501206.729	1117376.229	387.738
2459292.028153373	18	3	2021	12	40	32.451	2501206.922	1117376.176	387.748
2459292.028153941	18	3	2021	12	40	32.501	2501207.311	1117376.064	387.758
2459292.028154913	18	3	2021	12	40	32.584	2501207.504	1117376.008	387.765
2459292.028155677	18	3	2021	12	40	32.650	2501207.704	1117375.951	387.771
2459292.028156279	18	3	2021	12	40	32.703	2501208.111	1117375.835	387.785
2459292.028157413	18	3	2021	12	40	32.800	2501208.322	1117375.776	387.793
2459292.028157980	18	3	2021	12	40	32.849	2501208.533	1117375.712	387.799
2459292.028158570	18	3	2021	12	40	32.900	2501208.744	1117375.654	387.806
2459292.028159172	18	3	2021	12	40	32.952	2501209.163	1117375.534	387.820
2459292.028160295	18	3	2021	12	40	33.049	2501209.415	1117375.464	387.829
2459292.028160851	18	3	2021	12	40	33.098	2501209.637	1117375.400	387.836
2459292.028161499	18	3	2021	12	40	33.154	2501210.100	1117375.269	387.852
2459292.028162633	18	3	2021	12	40	33.251	2501210.334	1117375.202	387.860
2459292.028163038	18	3	2021	12	40	33.286	2501210.568	1117375.135	387.868
2459292.028163593	18	3	2021	12	40	33.334	2501211.074	1117374.991	387.886
2459292.028164947	18	3	2021	12	40	33.451	2501211.552	1117374.853	387.900
2459292.028165908	18	3	2021	12	40	33.534	2501211.803	1117374.781	387.909
2459292.028166499	18	3	2021	12	40	33.586	2501212.062	1117374.709	387.917
2459292.028167216	18	3	2021	12	40	33.647	2501212.314	1117374.631	387.927
2459292.028167829	18	3	2021	12	40	33.700	2501212.578	1117374.557	387.936
2459292.028168397	18	3	2021	12	40	33.750	2501212.831	1117374.479	387.945
2459292.028168987	18	3	2021	12	40	33.800	2501213.109	1117374.401	387.955
2459292.028169565	18	3	2021	12	40	33.850	2501213.383	1117374.324	387.963
2459292.028170144	18	3	2021	12	40	33.900	2501213.928	1117374.167	387.983
2459292.028171128	18	3	2021	12	40	33.985	2501214.211	1117374.083	387.993
2459292.028171846	18	3	2021	12	40	34.048	2501214.484	1117374.004	388.002
2459292.028172251	18	3	2021	12	40	34.082	2501214.756	1117373.921	388.012
2459292.028173038	18	3	2021	12	40	34.150	2501215.329	1117373.761	388.034
2459292.028174010	18	3	2021	12	40	34.234	2501215.602	1117373.682	388.041
2459292.028174589	18	3	2021	12	40	34.284	2501215.893	1117373.600	388.051
2459292.028175133	18	3	2021	12	40	34.331	2501216.173	1117373.517	388.062
2459292.028175758	18	3	2021	12	40	34.386	2501216.475	1117373.434	388.070
2459292.028176533	18	3	2021	12	40	34.452	2501217.059	1117373.262	388.092
2459292.028177505	18	3	2021	12	40	34.536	2501217.373	1117373.176	388.102
2459292.028178246	18	3	2021	12	40	34.600	2501217.671	1117373.094	388.112
2459292.028178802	18	3	2021	12	40	34.649	2501218.239	1117372.925	388.133
2459292.028179785	18	3	2021	12	40	34.733	2501218.535	1117372.839	388.144
2459292.028180376	18	3	2021	12	40	34.785	2501219.116	1117372.676	388.164
2459292.028181522	18	3	2021	12	40	34.884	2501219.424	1117372.586	388.174
2459292.028182147	18	3	2021	12	40	34.938	2501220.013	1117372.421	388.193
2459292.028183061	18	3	2021	12	40	35.016	2501220.302	1117372.338	388.204
2459292.028183628	18	3	2021	12	40	35.065	2501220.602	1117372.251	388.215
2459292.028184219	18	3	2021	12	40	35.117	2501220.917	1117372.159	388.225
2459292.028184786	18	3	2021	12	40	35.166	2501221.194	1117372.080	388.235
2459292.028185376	18	3	2021	12	40	35.216	2501221.546	1117371.979	388.247
2459292.028186152	18	3	2021	12	40	35.284	2501222.132	1117371.809	388.267
2459292.028187124	18	3	2021	12	40	35.368	2501222.423	1117371.722	388.277
2459292.028187680	18	3	2021	12	40	35.416	2501222.709	1117371.637	388.288
2459292.028188212	18	3	2021	12	40	35.462	2501223.009	1117371.551	388.297
2459292.028188791	18	3	2021	12	40	35.512	2501223.303	1117371.465	388.309
2459292.028189439	18	3	2021	12	40	35.568	2501223.629	1117371.370	388.320
2459292.028190017	18	3	2021	12	40	35.617	2501223.913	1117371.290	388.329
2459292.028190770	18	3	2021	12	40	35.683	2501224.495	1117371.116	388.351
2459292.028191765	18	3	2021	12	40	35.768	2501224.800	1117371.028	388.361
2459292.028192320	18	3	2021	12	40	35.816	2501225.417	1117370.855	388.386
2459292.028193108	18	3	2021	12	40	35.885	2501226.323	1117370.598	388.414
2459292.028194450	18	3	2021	12	40	36.000	2501226.937	1117370.425	388.435
2459292.028195596	18	3	2021	12	40	36.099	2501227.547	1117370.251	388.455
2459292.028196765	18	3	2021	12	40	36.201	2501228.146	1117370.074	388.477
2459292.028197737	18	3	2021	12	40	36.284	2501228.762	1117369.894	388.500
2459292.028198709	18	3	2021	12	40	36.368	2501229.046	1117369.813	388.509
2459292.028199288	18	3	2021	12	40	36.418	2501229.929	1117369.547	388.543
2459292.028201013	18	3	2021	12	40	36.568	2501230.546	1117369.366	388.565
2459292.028201985	18	3	2021	12	40	36.652	2501231.139	1117369.194	388.586
2459292.028202945	18	3	2021	12	40	36.734	2501231.438	1117369.110	388.595
2459292.028203513	18	3	2021	12	40	36.784	2501231.749	1117369.019	388.607
2459292.028204068	18	3	2021	12	40	36.831	2501232.047	1117368.935	388.617
2459292.028204659	18	3	2021	12	40	36.883	2501232.664	1117368.758	388.638
2459292.028205654	18	3	2021	12	40	36.969	2501232.953	1117368.671	388.648
2459292.028206244	18	3	2021	12	40	37.019	2501233.255	1117368.586	388.658
2459292.028207008	18	3	2021	12	40	37.085	2501233.820	1117368.426	388.676
2459292.028207969	18	3	2021	12	40	37.169	2501234.419	1117368.252	388.697
2459292.028208547	18	3	2021	12	40	37.218	2501234.722	1117368.167	388.708
2459292.028209114	18	3	2021	12	40	37.267	2501235.003	1117368.082	388.719
2459292.028209705	18	3	2021	12	40	37.319	2501235.288	1117368.002	388.730
2459292.028210249	18	3	2021	12	40	37.365	2501235.608	1117367.911	388.738
2459292.028210862	18	3	2021	12	40	37.418	2501235.878	1117367.832	388.750
2459292.028211418	18	3	2021	12	40	37.467	2501236.476	1117367.659	388.772
2459292.028212020	18	3	2021	12	40	37.519	2501236.783	1117367.571	388.782
2459292.028212575	18	3	2021	12	40	37.566	2501237.069	1117367.483	388.792
2459292.028213142	18	3	2021	12	40	37.615	2501237.387	1117367.395	388.801
2459292.028213732	18	3	2021	12	40	37.666	2501237.665	1117367.315	388.810
2459292.028214323	18	3	2021	12	40	37.717	2501238.244	1117367.147	388.828
2459292.028214925	18	3	2021	12	40	37.770	2501238.532	1117367.058	388.840
2459292.028215527	18	3	2021	12	40	37.822	2501238.856	1117366.970	388.850
2459292.028216105	18	3	2021	12	40	37.871	2501239.174	1117366.873	388.861
2459292.028216673	18	3	2021	12	40	37.921	2501239.476	1117366.789	388.871
2459292.028217216	18	3	2021	12	40	37.967	2501240.063	1117366.626	388.889
2459292.028217980	18	3	2021	12	40	38.033	2501240.661	1117366.452	388.908
2459292.028218976	18	3	2021	12	40	38.120	2501241.006	1117366.358	388.918
2459292.028219520	18	3	2021	12	40	38.167	2501241.301	1117366.276	388.927
2459292.028220098	18	3	2021	12	40	38.216	2501241.607	1117366.184	388.938
2459292.028220677	18	3	2021	12	40	38.266	2501242.221	1117366.013	388.956
2459292.028221256	18	3	2021	12	40	38.317	2501242.860	1117365.828	388.978
2459292.028222424	18	3	2021	12	40	38.417	2501243.160	1117365.742	388.988
2459292.028223003	18	3	2021	12	40	38.467	2501243.472	1117365.650	388.997
2459292.028223559	18	3	2021	12	40	38.515	2501243.766	1117365.562	389.007
2459292.028224357	18	3	2021	12	40	38.584	2501244.708	1117365.285	389.038
2459292.028225353	18	3	2021	12	40	38.670	2501244.988	1117365.200	389.049
2459292.028226858	18	3	2021	12	40	38.801	2501245.617	1117365.016	389.068
2459292.028227818	18	3	2021	12	40	38.883	2501245.921	1117364.927	389.079
2459292.028228397	18	3	2021	12	40	38.934	2501246.562	1117364.743	389.100
2459292.028228385	18	3	2021	12	40	38.932	2501247.160	1117364.573	389.119
2459292.028229577	18	3	2021	12	40	39.035	2501247.468	1117364.483	389.130
2459292.028230133	18	3	2021	12	40	39.083	2501247.777	1117364.395	389.140
2459292.028230723	18	3	2021	12	40	39.134	2501248.407	1117364.220	389.159
2459292.028231302	18	3	2021	12	40	39.184	2501248.719	1117364.135	389.167
2459292.028231892	18	3	2021	12	40	39.235	2501249.065	1117364.035	389.178
2459292.028232483	18	3	2021	12	40	39.287	2501249.354	1117363.953	389.187
2459292.028233038	18	3	2021	12	40	39.334	2501249.653	1117363.866	389.196
2459292.028233628	18	3	2021	12	40	39.385	2501249.968	1117363.780	389.204
2459292.028234218	18	3	2021	12	40	39.436	2501250.314	1117363.682	389.216
2459292.028234797	18	3	2021	12	40	39.486	2501250.957	1117363.500	389.234
2459292.028235341	18	3	2021	12	40	39.533	2501251.596	1117363.318	389.254
2459292.028236661	18	3	2021	12	40	39.648	2501252.505	1117363.053	389.284
2459292.028237656	18	3	2021	12	40	39.733	2501253.064	1117362.895	389.301
2459292.028238837	18	3	2021	12	40	39.836	2501253.404	1117362.792	389.312
2459292.028239392	18	3	2021	12	40	39.883	2501254.036	1117362.614	389.332
2459292.028239983	18	3	2021	12	40	39.935	2501254.337	1117362.532	389.341
2459292.028240746	18	3	2021	12	40	40.000	2501254.979	1117362.345	389.362
2459292.028241719	18	3	2021	12	40	40.085	2501255.275	1117362.262	389.372
2459292.028242297	18	3	2021	12	40	40.134	2501255.572	1117362.180	389.380
2459292.028242876	18	3	2021	12	40	40.184	2501256.191	1117362.006	389.401
2459292.028243466	18	3	2021	12	40	40.235	2501256.520	1117361.907	389.410
2459292.028244010	18	3	2021	12	40	40.282	2501256.814	1117361.824	389.419
2459292.028244601	18	3	2021	12	40	40.334	2501257.136	1117361.736	389.430
2459292.028245203	18	3	2021	12	40	40.386	2501257.436	1117361.652	389.439
2459292.028245781	18	3	2021	12	40	40.435	2501258.052	1117361.474	389.457
2459292.028246314	18	3	2021	12	40	40.482	2501258.361	1117361.380	389.469
2459292.028246927	18	3	2021	12	40	40.534	2501258.678	1117361.292	389.480
2459292.028247517	18	3	2021	12	40	40.585	2501258.996	1117361.199	389.490
2459292.028248073	18	3	2021	12	40	40.634	2501259.608	1117361.021	389.509
2459292.028248860	18	3	2021	12	40	40.702	2501260.217	1117360.844	389.529
2459292.028250006	18	3	2021	12	40	40.801	2501260.837	1117360.666	389.549
2459292.028250978	18	3	2021	12	40	40.884	2501261.137	1117360.580	389.559
2459292.028251557	18	3	2021	12	40	40.935	2501261.447	1117360.492	389.570
2459292.028252089	18	3	2021	12	40	40.980	2501262.037	1117360.321	389.589
2459292.028252679	18	3	2021	12	40	41.031	2501262.356	1117360.231	389.599
2459292.028253281	18	3	2021	12	40	41.083	2501262.644	1117360.147	389.608
2459292.028253871	18	3	2021	12	40	41.134	2501262.939	1117360.067	389.617
2459292.028254635	18	3	2021	12	40	41.200	2501263.881	1117359.800	389.647
2459292.028255596	18	3	2021	12	40	41.283	2501264.200	1117359.703	389.659
2459292.028256151	18	3	2021	12	40	41.331	2501264.793	1117359.532	389.679
2459292.028256950	18	3	2021	12	40	41.400	2501265.402	1117359.356	389.698
2459292.028257911	18	3	2021	12	40	41.484	2501265.690	1117359.269	389.709
2459292.028258501	18	3	2021	12	40	41.534	2501266.000	1117359.182	389.719
2459292.028259080	18	3	2021	12	40	41.585	2501266.587	1117359.016	389.738
2459292.028259670	18	3	2021	12	40	41.635	2501266.894	1117358.925	389.747
2459292.028260434	18	3	2021	12	40	41.702	2501267.493	1117358.752	389.764
2459292.028261406	18	3	2021	12	40	41.785	2501268.088	1117358.587	389.782
2459292.028261974	18	3	2021	12	40	41.835	2501268.395	1117358.502	389.791
2459292.028262540	18	3	2021	12	40	41.883	2501268.696	1117358.413	389.801
2459292.028263073	18	3	2021	12	40	41.930	2501268.974	1117358.330	389.810
2459292.028263709	18	3	2021	12	40	41.984	2501269.599	1117358.151	389.829
2459292.028264462	18	3	2021	12	40	42.050	2501269.900	1117358.064	389.839
2459292.028265214	18	3	2021	12	40	42.114	2501270.506	1117357.892	389.857
2459292.028265839	18	3	2021	12	40	42.168	2501270.811	1117357.802	389.867
2459292.028266441	18	3	2021	12	40	42.221	2501271.419	1117357.622	389.886
2459292.028266985	18	3	2021	12	40	42.268	2501271.713	1117357.539	389.895
2459292.028267529	18	3	2021	12	40	42.314	2501272.025	1117357.453	389.905
2459292.028268999	18	3	2021	12	40	42.442	2501272.647	1117357.273	389.925
2459292.028269577	18	3	2021	12	40	42.491	2501272.950	1117357.184	389.934
2459292.028270202	18	3	2021	12	40	42.545	2501273.550	1117357.009	389.955
2459292.028270446	18	3	2021	12	40	42.567	2501273.870	1117356.925	389.964
2459292.028271024	18	3	2021	12	40	42.616	2501274.486	1117356.738	389.986
2459292.028271615	18	3	2021	12	40	42.668	2501274.784	1117356.663	389.994
2459292.028272147	18	3	2021	12	40	42.713	2501275.094	1117356.574	390.003
2459292.028273548	18	3	2021	12	40	42.835	2501275.396	1117356.486	390.013
2459292.028274091	18	3	2021	12	40	42.881	2501276.008	1117356.317	390.033
2459292.028274751	18	3	2021	12	40	42.938	2501276.314	1117356.228	390.043
2459292.028274485	18	3	2021	12	40	42.915	2501276.933	1117356.047	390.063
2459292.028275665	18	3	2021	12	40	43.017	2501277.558	1117355.868	390.083
2459292.028276233	18	3	2021	12	40	43.067	2501277.847	1117355.786	390.093
2459292.028276823	18	3	2021	12	40	43.118	2501278.191	1117355.677	390.106
2459292.028277379	18	3	2021	12	40	43.166	2501278.514	1117355.585	390.116
2459292.028277969	18	3	2021	12	40	43.217	2501278.828	1117355.493	390.126
2459292.028278559	18	3	2021	12	40	43.267	2501279.469	1117355.317	390.146
2459292.028279149	18	3	2021	12	40	43.318	2501279.776	1117355.229	390.155
2459292.028279705	18	3	2021	12	40	43.367	2501280.074	1117355.140	390.164
2459292.028280284	18	3	2021	12	40	43.417	2501280.388	1117355.049	390.175
2459292.028280700	18	3	2021	12	40	43.452	2501281.009	1117354.873	390.194
2459292.028281453	18	3	2021	12	40	43.518	2501281.621	1117354.702	390.215
2459292.028282413	18	3	2021	12	40	43.600	2501281.917	1117354.616	390.225
2459292.028282992	18	3	2021	12	40	43.651	2501282.530	1117354.438	390.246
2459292.028283756	18	3	2021	12	40	43.717	2501283.138	1117354.266	390.267
2459292.028284728	18	3	2021	12	40	43.801	2501283.406	1117354.175	390.280
2459292.028285295	18	3	2021	12	40	43.849	2501284.041	1117353.995	390.298
2459292.028286059	18	3	2021	12	40	43.915	2501284.335	1117353.924	390.305
2459292.028286672	18	3	2021	12	40	43.968	2501284.642	1117353.834	390.314
2459292.028287239	18	3	2021	12	40	44.017	2501285.239	1117353.657	390.335
2459292.028288015	18	3	2021	12	40	44.085	2501285.832	1117353.496	390.352
2459292.028289960	18	3	2021	12	40	44.253	2501286.126	1117353.395	390.363
2459292.028290538	18	3	2021	12	40	44.302	2501286.713	1117353.238	390.380
2459292.028290712	18	3	2021	12	40	44.318	2501287.866	1117352.890	390.420
2459292.028292262	18	3	2021	12	40	44.451	2501288.166	1117352.807	390.429
2459292.028292807	18	3	2021	12	40	44.499	2501288.745	1117352.645	390.447
2459292.028293802	18	3	2021	12	40	44.584	2501289.305	1117352.483	390.466
2459292.028294392	18	3	2021	12	40	44.635	2501289.579	1117352.406	390.474
2459292.028294960	18	3	2021	12	40	44.685	2501290.133	1117352.242	390.492
2459292.028295920	18	3	2021	12	40	44.768	2501290.420	1117352.165	390.500
2459292.028296696	18	3	2021	12	40	44.835	2501290.962	1117352.016	390.518
2459292.028297274	18	3	2021	12	40	44.884	2501291.231	1117351.938	390.526
2459292.028297842	18	3	2021	12	40	44.934	2501291.764	1117351.781	390.543
2459292.028298802	18	3	2021	12	40	45.017	2501292.027	1117351.705	390.551
2459292.028299404	18	3	2021	12	40	45.068	2501292.289	1117351.631	390.560
2459292.028299971	18	3	2021	12	40	45.117	2501292.812	1117351.488	390.577
2459292.028300538	18	3	2021	12	40	45.166	2501293.067	1117351.414	390.585
2459292.028301128	18	3	2021	12	40	45.217	2501293.835	1117351.186	390.610
2459292.028302286	18	3	2021	12	40	45.317	2501294.091	1117351.115	390.618
2459292.028302865	18	3	2021	12	40	45.368	2501294.341	1117351.043	390.626
2459292.028303420	18	3	2021	12	40	45.416	2501294.584	1117350.974	390.635
2459292.028304195	18	3	2021	12	40	45.482	2501295.325	1117350.749	390.659
2459292.028304994	18	3	2021	12	40	45.551	2501295.573	1117350.681	390.667
2459292.028305769	18	3	2021	12	40	45.618	2501296.056	1117350.545	390.683
2459292.028306742	18	3	2021	12	40	45.703	2501296.544	1117350.403	390.699
2459292.028307321	18	3	2021	12	40	45.753	2501296.768	1117350.333	390.706
2459292.028308084	18	3	2021	12	40	45.818	2501297.251	1117350.197	390.721
2459292.028309242	18	3	2021	12	40	45.918	2501297.714	1117350.068	390.736
2459292.028309832	18	3	2021	12	40	45.969	2501297.944	1117350.001	390.744
2459292.028310399	18	3	2021	12	40	46.018	2501298.393	1117349.868	390.758
2459292.028311533	18	3	2021	12	40	46.116	2501299.067	1117349.664	390.783
2459292.028312691	18	3	2021	12	40	46.217	2501299.538	1117349.539	390.795
2459292.028313848	18	3	2021	12	40	46.316	2501299.755	1117349.478	390.802
2459292.028315399	18	3	2021	12	40	46.450	2501300.619	1117349.242	390.828
2459292.028316175	18	3	2021	12	40	46.518	2501301.035	1117349.111	390.843
2459292.028317135	18	3	2021	12	40	46.600	2501301.448	1117349.010	390.851
2459292.028317725	18	3	2021	12	40	46.651	2501301.648	1117348.952	390.857
2459292.028318489	18	3	2021	12	40	46.717	2501302.249	1117348.780	390.874
2459292.028319647	18	3	2021	12	40	46.818	2501302.659	1117348.667	390.884
2459292.028320804	18	3	2021	12	40	46.917	2501303.059	1117348.555	390.894
2459292.028321765	18	3	2021	12	40	47.000	2501303.444	1117348.439	390.904
2459292.028322332	18	3	2021	12	40	47.049	2501303.646	1117348.386	390.908
2459292.028322910	18	3	2021	12	40	47.099	2501304.031	1117348.267	390.918
2459292.028323721	18	3	2021	12	40	47.170	2501304.214	1117348.213	390.922
2459292.028324299	18	3	2021	12	40	47.219	2501304.435	1117348.140	390.929
2459292.028324855	18	3	2021	12	40	47.267	2501304.622	1117348.083	390.934
2459292.028325260	18	3	2021	12	40	47.302	2501304.810	1117348.030	390.938
2459292.028326927	18	3	2021	12	40	47.447	2501305.000	1117347.973	390.944
2459292.028327378	18	3	2021	12	40	47.485	2501305.382	1117347.867	390.953
2459292.028328304	18	3	2021	12	40	47.565	2501305.752	1117347.760	390.964
2459292.028328524	18	3	2021	12	40	47.584	2501305.955	1117347.710	390.968
2459292.028329103	18	3	2021	12	40	47.634	2501306.328	1117347.604	390.979
2459292.028329866	18	3	2021	12	40	47.700	2501306.685	1117347.496	390.988
2459292.028330827	18	3	2021	12	40	47.783	2501307.050	1117347.398	391.002
2459292.028331730	18	3	2021	12	40	47.861	2501307.424	1117347.274	391.015
2459292.028332749	18	3	2021	12	40	47.950	2501307.793	1117347.173	391.029
2459292.028333906	18	3	2021	12	40	48.049	2501308.162	1117347.076	391.039
2459292.028334867	18	3	2021	12	40	48.133	2501308.529	1117346.949	391.055
2459292.028335480	18	3	2021	12	40	48.185	2501308.706	1117346.902	391.059
2459292.028336059	18	3	2021	12	40	48.235	2501308.887	1117346.845	391.065
2459292.028337042	18	3	2021	12	40	48.320	2501309.404	1117346.702	391.080
2459292.028337610	18	3	2021	12	40	48.370	2501309.575	1117346.652	391.085
2459292.028338385	18	3	2021	12	40	48.436	2501309.928	1117346.548	391.096
2459292.028339496	18	3	2021	12	40	48.532	2501310.434	1117346.407	391.109
2459292.028340469	18	3	2021	12	40	48.617	2501310.609	1117346.360	391.114
2459292.028341244	18	3	2021	12	40	48.683	2501310.786	1117346.316	391.118
2459292.028341823	18	3	2021	12	40	48.733	2501311.305	1117346.180	391.132
2459292.028342783	18	3	2021	12	40	48.816	2501311.462	1117346.124	391.140
2459292.028343559	18	3	2021	12	40	48.883	2501311.619	1117346.067	391.147
2459292.028344138	18	3	2021	12	40	48.934	2501311.968	1117345.981	391.155
2459292.028345110	18	3	2021	12	40	49.017	2501312.325	1117345.853	391.171
2459292.028345677	18	3	2021	12	40	49.066	2501312.580	1117345.836	391.167
2459292.028346464	18	3	2021	12	40	49.134	2501312.961	1117345.671	391.189
2459292.028347448	18	3	2021	12	40	49.220	2501313.194	1117345.636	391.190
2459292.028348038	18	3	2021	12	40	49.270	2501313.393	1117345.558	391.200
2459292.028348593	18	3	2021	12	40	49.318	2501313.563	1117345.509	391.205
2459292.028349183	18	3	2021	12	40	49.369	2501313.736	1117345.464	391.209
2459292.028349982	18	3	2021	12	40	49.438	2501314.117	1117345.346	391.222
2459292.028350364	18	3	2021	12	40	49.471	2501314.289	1117345.300	391.227
2459292.028351106	18	3	2021	12	40	49.536	2501314.634	1117345.207	391.236
2459292.028352078	18	3	2021	12	40	49.620	2501314.809	1117345.157	391.241
2459292.028352656	18	3	2021	12	40	49.669	2501314.976	1117345.109	391.245
2459292.028353374	18	3	2021	12	40	49.732	2501315.539	1117344.953	391.259
2459292.028354358	18	3	2021	12	40	49.817	2501315.669	1117344.911	391.264
2459292.028354925	18	3	2021	12	40	49.866	2501316.063	1117344.807	391.273
2459292.028355724	18	3	2021	12	40	49.935	2501316.414	1117344.711	391.281
2459292.028356673	18	3	2021	12	40	50.017	2501316.590	1117344.662	391.285
2459292.028357460	18	3	2021	12	40	50.085	2501317.128	1117344.511	391.299
2459292.028358420	18	3	2021	12	40	50.167	2501317.296	1117344.458	391.304
2459292.028358976	18	3	2021	12	40	50.216	2501317.491	1117344.410	391.308
2459292.028359589	18	3	2021	12	40	50.269	2501317.649	1117344.359	391.313
2459292.028360156	18	3	2021	12	40	50.317	2501318.006	1117344.249	391.324
2459292.028360747	18	3	2021	12	40	50.369	2501318.183	1117344.202	391.327
2459292.028361557	18	3	2021	12	40	50.439	2501318.542	1117344.093	391.338
2459292.028362691	18	3	2021	12	40	50.536	2501319.082	1117343.934	391.353
2459292.028363652	18	3	2021	12	40	50.620	2501319.262	1117343.884	391.357
2459292.028364427	18	3	2021	12	40	50.686	2501319.808	1117343.724	391.372
2459292.028365365	18	3	2021	12	40	50.768	2501319.993	1117343.674	391.377
2459292.028365944	18	3	2021	12	40	50.818	2501320.169	1117343.630	391.380
2459292.028366522	18	3	2021	12	40	50.867	2501320.362	1117343.561	391.388
2459292.028367101	18	3	2021	12	40	50.918	2501320.746	1117343.482	391.392
2459292.028367645	18	3	2021	12	40	50.965	2501320.924	1117343.436	391.396
2459292.028368247	18	3	2021	12	40	51.017	2501321.142	1117343.343	391.408
2459292.028369022	18	3	2021	12	40	51.084	2501321.337	1117343.310	391.408
2459292.028369601	18	3	2021	12	40	51.134	2501321.762	1117343.175	391.423
2459292.028370573	18	3	2021	12	40	51.218	2501321.939	1117343.126	391.427
2459292.028371511	18	3	2021	12	40	51.299	2501322.489	1117342.963	391.444
2459292.028372274	18	3	2021	12	40	51.364	2501322.659	1117342.922	391.447
2459292.028372865	18	3	2021	12	40	51.416	2501322.840	1117342.870	391.452
2459292.028373652	18	3	2021	12	40	51.484	2501323.210	1117342.757	391.463
2459292.028374242	18	3	2021	12	40	51.535	2501323.589	1117342.668	391.470
2459292.028375191	18	3	2021	12	40	51.617	2501323.776	1117342.608	391.476
2459292.028375990	18	3	2021	12	40	51.686	2501324.315	1117342.453	391.491
2459292.028376939	18	3	2021	12	40	51.768	2501324.500	1117342.396	391.497
2459292.028377622	18	3	2021	12	40	51.827	2501324.673	1117342.349	391.501
2459292.028378293	18	3	2021	12	40	51.885	2501325.216	1117342.182	391.514
2459292.028380017	18	3	2021	12	40	52.033	2501325.397	1117342.131	391.523
2459292.028380608	18	3	2021	12	40	52.085	2501325.579	1117342.081	391.526
2459292.028381360	18	3	2021	12	40	52.150	2501325.934	1117341.979	391.535
2459292.028381580	18	3	2021	12	40	52.169	2501326.306	1117341.865	391.545
2459292.028382147	18	3	2021	12	40	52.218	2501326.503	1117341.818	391.548
2459292.028382726	18	3	2021	12	40	52.268	2501326.691	1117341.759	391.554
2459292.028383293	18	3	2021	12	40	52.317	2501326.876	1117341.702	391.559
2459292.028383906	18	3	2021	12	40	52.369	2501327.051	1117341.653	391.563
2459292.028384682	18	3	2021	12	40	52.437	2501327.609	1117341.503	391.575
2459292.028385665	18	3	2021	12	40	52.521	2501327.787	1117341.451	391.579
2459292.028386175	18	3	2021	12	40	52.566	2501327.966	1117341.399	391.584
