#Julian Date	Day	Month	Year	Hour	Minute	Second	East	North	Altitude
#[j]	[j]	[mois]	[année]	[h]	[min]	[s]	[m]	[m]	[m]
2459292.089431276	18	3	2021	14	8	46.862	2501025.429	1117429.429	384.421
2459292.089432005	18	3	2021	14	8	46.925	2501025.427	1117429.422	384.422
2459292.089432688	18	3	2021	14	8	46.984	2501025.427	1117429.422	384.419
2459292.089433417	18	3	2021	14	8	47.047	2501025.428	1117429.425	384.421
2459292.089434829	18	3	2021	14	8	47.169	2501025.427	1117429.421	384.421
2459292.089435547	18	3	2021	14	8	47.231	2501025.427	1117429.421	384.423
2459292.089436264	18	3	2021	14	8	47.293	2501025.428	1117429.423	384.416
2459292.089437144	18	3	2021	14	8	47.369	2501025.427	1117429.420	384.420
2459292.089437861	18	3	2021	14	8	47.431	2501025.427	1117429.419	384.415
2459292.089438591	18	3	2021	14	8	47.494	2501025.427	1117429.420	384.415
2459292.089439308	18	3	2021	14	8	47.556	2501025.426	1117429.417	384.411
2459292.089440003	18	3	2021	14	8	47.616	2501025.427	1117429.420	384.412
2459292.089440721	18	3	2021	14	8	47.678	2501025.426	1117429.415	384.415
2459292.089441543	18	3	2021	14	8	47.749	2501025.426	1117429.418	384.415
2459292.089442133	18	3	2021	14	8	47.800	2501025.427	1117429.420	384.414
2459292.089442862	18	3	2021	14	8	47.863	2501025.426	1117429.417	384.414
2459292.089443684	18	3	2021	14	8	47.934	2501025.425	1117429.414	384.419
2459292.089444251	18	3	2021	14	8	47.983	2501025.427	1117429.420	384.421
2459292.089444992	18	3	2021	14	8	48.047	2501025.427	1117429.421	384.415
2459292.089445709	18	3	2021	14	8	48.109	2501025.428	1117429.424	384.414
2459292.089446404	18	3	2021	14	8	48.169	2501025.428	1117429.424	384.410
2459292.089447122	18	3	2021	14	8	48.231	2501025.429	1117429.428	384.416
2459292.089447851	18	3	2021	14	8	48.294	2501025.428	1117429.426	384.417
2459292.089448719	18	3	2021	14	8	48.369	2501025.428	1117429.423	384.423
2459292.089449448	18	3	2021	14	8	48.432	2501025.427	1117429.422	384.418
2459292.089450166	18	3	2021	14	8	48.494	2501025.427	1117429.421	384.421
2459292.089450895	18	3	2021	14	8	48.557	2501025.428	1117429.422	384.416
2459292.089451578	18	3	2021	14	8	48.616	2501025.427	1117429.421	384.418
2459292.089452306	18	3	2021	14	8	48.679	2501025.427	1117429.419	384.421
2459292.089453024	18	3	2021	14	8	48.741	2501025.425	1117429.414	384.423
2459292.089453707	18	3	2021	14	8	48.800	2501025.427	1117429.421	384.423
2459292.089454425	18	3	2021	14	8	48.862	2501025.426	1117429.417	384.413
2459292.089455119	18	3	2021	14	8	48.922	2501025.427	1117429.421	384.411
2459292.089456554	18	3	2021	14	8	49.046	2501025.427	1117429.420	384.418
2459292.089457283	18	3	2021	14	8	49.109	2501025.427	1117429.421	384.417
2459292.089458163	18	3	2021	14	8	49.185	2501025.430	1117429.430	384.415
2459292.089458985	18	3	2021	14	8	49.256	2501025.427	1117429.420	384.423
2459292.089459714	18	3	2021	14	8	49.319	2501025.427	1117429.420	384.423
2459292.089460107	18	3	2021	14	8	49.353	2501025.428	1117429.424	384.421
2459292.089460825	18	3	2021	14	8	49.415	2501025.428	1117429.423	384.419
2459292.089461554	18	3	2021	14	8	49.478	2501025.428	1117429.424	384.421
2459292.089462272	18	3	2021	14	8	49.540	2501025.428	1117429.426	384.422
2459292.089463151	18	3	2021	14	8	49.616	2501025.429	1117429.427	384.419
2459292.089463869	18	3	2021	14	8	49.678	2501025.427	1117429.420	384.421
2459292.089464598	18	3	2021	14	8	49.741	2501025.427	1117429.422	384.421
2459292.089465466	18	3	2021	14	8	49.816	2501025.428	1117429.424	384.415
2459292.089466010	18	3	2021	14	8	49.863	2501025.428	1117429.424	384.421
2459292.089466844	18	3	2021	14	8	49.935	2501025.428	1117429.423	384.416
2459292.089467596	18	3	2021	14	8	50.000	2501025.428	1117429.424	384.423
2459292.089468325	18	3	2021	14	8	50.063	2501025.429	1117429.429	384.416
2459292.089469054	18	3	2021	14	8	50.126	2501025.429	1117429.426	384.419
2459292.089469737	18	3	2021	14	8	50.185	2501025.429	1117429.428	384.418
2459292.089470455	18	3	2021	14	8	50.247	2501025.430	1117429.432	384.417
2459292.089471855	18	3	2021	14	8	50.368	2501025.428	1117429.425	384.422
2459292.089472584	18	3	2021	14	8	50.431	2501025.428	1117429.426	384.425
2459292.089473487	18	3	2021	14	8	50.509	2501025.429	1117429.427	384.420
2459292.089473904	18	3	2021	14	8	50.545	2501025.428	1117429.424	384.418
2459292.089474714	18	3	2021	14	8	50.615	2501025.428	1117429.424	384.421
2459292.089475443	18	3	2021	14	8	50.678	2501025.429	1117429.427	384.419
2459292.089475999	18	3	2021	14	8	50.726	2501025.428	1117429.423	384.421
2459292.089477029	18	3	2021	14	8	50.815	2501025.427	1117429.421	384.419
2459292.089477573	18	3	2021	14	8	50.862	2501025.427	1117429.422	384.420
2459292.089478476	18	3	2021	14	8	50.940	2501025.429	1117429.427	384.417
2459292.089479170	18	3	2021	14	8	51.000	2501025.428	1117429.423	384.421
2459292.089479703	18	3	2021	14	8	51.046	2501025.427	1117429.422	384.420
2459292.089480617	18	3	2021	14	8	51.125	2501025.427	1117429.421	384.421
2459292.089481299	18	3	2021	14	8	51.184	2501025.427	1117429.419	384.423
2459292.089482017	18	3	2021	14	8	51.246	2501025.428	1117429.422	384.417
2459292.089482746	18	3	2021	14	8	51.309	2501025.427	1117429.420	384.419
2459292.089483626	18	3	2021	14	8	51.385	2501025.426	1117429.416	384.417
2459292.089484343	18	3	2021	14	8	51.447	2501025.427	1117429.419	384.418
2459292.089485073	18	3	2021	14	8	51.510	2501025.427	1117429.421	384.417
2459292.089485570	18	3	2021	14	8	51.553	2501025.427	1117429.421	384.417
2459292.089486658	18	3	2021	14	8	51.647	2501025.427	1117429.420	384.418
2459292.089487387	18	3	2021	14	8	51.710	2501025.425	1117429.414	384.419
2459292.089488614	18	3	2021	14	8	51.816	2501025.428	1117429.424	384.414
2459292.089489344	18	3	2021	14	8	51.879	2501025.427	1117429.419	384.420
2459292.089490246	18	3	2021	14	8	51.957	2501025.428	1117429.422	384.417
2459292.089490559	18	3	2021	14	8	51.984	2501025.428	1117429.423	384.425
2459292.089491288	18	3	2021	14	8	52.047	2501025.428	1117429.424	384.424
2459292.089492029	18	3	2021	14	8	52.111	2501025.428	1117429.423	384.422
2459292.089493059	18	3	2021	14	8	52.200	2501025.427	1117429.421	384.424
2459292.089494343	18	3	2021	14	8	52.311	2501025.427	1117429.421	384.425
2459292.089495200	18	3	2021	14	8	52.385	2501025.428	1117429.423	384.426
2459292.089495917	18	3	2021	14	8	52.447	2501025.427	1117429.421	384.423
2459292.089496647	18	3	2021	14	8	52.510	2501025.427	1117429.421	384.428
2459292.089497330	18	3	2021	14	8	52.569	2501025.428	1117429.423	384.430
2459292.089498058	18	3	2021	14	8	52.632	2501025.428	1117429.423	384.427
2459292.089498776	18	3	2021	14	8	52.694	2501025.428	1117429.424	384.431
2459292.089499413	18	3	2021	14	8	52.749	2501025.427	1117429.421	384.426
2459292.089500003	18	3	2021	14	8	52.800	2501025.429	1117429.427	384.423
2459292.089501461	18	3	2021	14	8	52.926	2501025.429	1117429.427	384.424
2459292.089502318	18	3	2021	14	8	53.000	2501025.428	1117429.423	384.425
2459292.089503047	18	3	2021	14	8	53.063	2501025.428	1117429.422	384.426
2459292.089503765	18	3	2021	14	8	53.125	2501025.428	1117429.422	384.422
2459292.089504459	18	3	2021	14	8	53.185	2501025.428	1117429.425	384.424
2459292.089505177	18	3	2021	14	8	53.247	2501025.428	1117429.423	384.417
2459292.089505906	18	3	2021	14	8	53.310	2501025.428	1117429.424	384.417
2459292.089506763	18	3	2021	14	8	53.384	2501025.429	1117429.426	384.415
2459292.089507503	18	3	2021	14	8	53.448	2501025.429	1117429.426	384.421
2459292.089508209	18	3	2021	14	8	53.509	2501025.428	1117429.424	384.416
2459292.089508696	18	3	2021	14	8	53.551	2501025.428	1117429.425	384.421
2459292.089509436	18	3	2021	14	8	53.615	2501025.429	1117429.427	384.419
2459292.089510165	18	3	2021	14	8	53.678	2501025.428	1117429.425	384.419
2459292.089511033	18	3	2021	14	8	53.753	2501025.428	1117429.422	384.419
2459292.089511762	18	3	2021	14	8	53.816	2501025.429	1117429.426	384.417
2459292.089512480	18	3	2021	14	8	53.878	2501025.427	1117429.421	384.420
2459292.089513209	18	3	2021	14	8	53.941	2501025.428	1117429.425	384.416
2459292.089514066	18	3	2021	14	8	54.015	2501025.428	1117429.426	384.419
2459292.089514609	18	3	2021	14	8	54.062	2501025.428	1117429.424	384.420
2459292.089515512	18	3	2021	14	8	54.140	2501025.428	1117429.424	384.421
2459292.089516392	18	3	2021	14	8	54.216	2501025.428	1117429.424	384.422
2459292.089518163	18	3	2021	14	8	54.369	2501025.427	1117429.422	384.420
2459292.089519066	18	3	2021	14	8	54.447	2501025.427	1117429.421	384.421
2459292.089519933	18	3	2021	14	8	54.522	2501025.428	1117429.423	384.421
2459292.089521195	18	3	2021	14	8	54.631	2501025.428	1117429.425	384.419
2459292.089522005	18	3	2021	14	8	54.701	2501025.428	1117429.423	384.425
2459292.089522549	18	3	2021	14	8	54.748	2501025.427	1117429.422	384.421
2459292.089523151	18	3	2021	14	8	54.800	2501025.428	1117429.422	384.423
2459292.089523880	18	3	2021	14	8	54.863	2501025.428	1117429.423	384.423
2459292.089525640	18	3	2021	14	8	55.015	2501025.428	1117429.424	384.420
2459292.089526183	18	3	2021	14	8	55.062	2501025.428	1117429.425	384.419
2459292.089527098	18	3	2021	14	8	55.141	2501025.428	1117429.425	384.420
2459292.089527595	18	3	2021	14	8	55.184	2501025.429	1117429.427	384.416
2459292.089528325	18	3	2021	14	8	55.247	2501025.429	1117429.428	384.421
2459292.089529042	18	3	2021	14	8	55.309	2501025.429	1117429.427	384.418
2459292.089529923	18	3	2021	14	8	55.385	2501025.428	1117429.426	384.423
2459292.089530640	18	3	2021	14	8	55.447	2501025.428	1117429.424	384.417
2459292.089531370	18	3	2021	14	8	55.510	2501025.428	1117429.425	384.428
2459292.089532052	18	3	2021	14	8	55.569	2501025.428	1117429.426	384.419
2459292.089532781	18	3	2021	14	8	55.632	2501025.428	1117429.422	384.421
2459292.089533684	18	3	2021	14	8	55.710	2501025.428	1117429.423	384.417
2459292.089534228	18	3	2021	14	8	55.757	2501025.428	1117429.424	384.427
2459292.089534899	18	3	2021	14	8	55.815	2501025.427	1117429.421	384.423
2459292.089535987	18	3	2021	14	8	55.909	2501025.424	1117429.411	384.427
2459292.089537040	18	3	2021	14	8	56.000	2501025.425	1117429.414	384.429
2459292.089537851	18	3	2021	14	8	56.070	2501025.425	1117429.413	384.432
2459292.089538580	18	3	2021	14	8	56.133	2501025.426	1117429.416	384.430
2459292.089539355	18	3	2021	14	8	56.200	2501025.423	1117429.406	384.427
2459292.089540073	18	3	2021	14	8	56.262	2501025.425	1117429.413	384.431
2459292.089540801	18	3	2021	14	8	56.325	2501025.426	1117429.415	384.426
2459292.089541670	18	3	2021	14	8	56.400	2501025.425	1117429.413	384.439
2459292.089542214	18	3	2021	14	8	56.447	2501025.424	1117429.411	384.426
2459292.089542943	18	3	2021	14	8	56.510	2501025.424	1117429.410	384.438
2459292.089543799	18	3	2021	14	8	56.584	2501025.425	1117429.415	384.433
2459292.089544529	18	3	2021	14	8	56.647	2501025.424	1117429.410	384.431
2459292.089545246	18	3	2021	14	8	56.709	2501025.424	1117429.411	384.425
2459292.089545941	18	3	2021	14	8	56.769	2501025.425	1117429.412	384.434
2459292.089546658	18	3	2021	14	8	56.831	2501025.426	1117429.417	384.428
2459292.089547387	18	3	2021	14	8	56.894	2501025.426	1117429.415	384.424
2459292.089548105	18	3	2021	14	8	56.956	2501025.426	1117429.416	384.431
2459292.089548800	18	3	2021	14	8	57.016	2501025.427	1117429.419	384.423
2459292.089549517	18	3	2021	14	8	57.078	2501025.423	1117429.407	384.427
2459292.089550246	18	3	2021	14	8	57.141	2501025.427	1117429.421	384.422
2459292.089550929	18	3	2021	14	8	57.200	2501025.425	1117429.414	384.432
2459292.089551658	18	3	2021	14	8	57.263	2501025.427	1117429.420	384.422
2459292.089552376	18	3	2021	14	8	57.325	2501025.425	1117429.414	384.426
2459292.089553244	18	3	2021	14	8	57.400	2501025.425	1117429.412	384.428
2459292.089554818	18	3	2021	14	8	57.536	2501025.425	1117429.414	384.427
2459292.089556103	18	3	2021	14	8	57.647	2501025.426	1117429.417	384.423
2459292.089556832	18	3	2021	14	8	57.710	2501025.427	1117429.420	384.421
2459292.089557330	18	3	2021	14	8	57.753	2501025.427	1117429.419	384.419
2459292.089558047	18	3	2021	14	8	57.815	2501025.426	1117429.417	384.423
2459292.089558788	18	3	2021	14	8	57.879	2501025.426	1117429.417	384.420
2459292.089559506	18	3	2021	14	8	57.941	2501025.427	1117429.421	384.431
2459292.089560374	18	3	2021	14	8	58.016	2501025.426	1117429.415	384.414
2459292.089561091	18	3	2021	14	8	58.078	2501025.426	1117429.417	384.417
2459292.089561994	18	3	2021	14	8	58.156	2501025.426	1117429.418	384.422
2459292.089562503	18	3	2021	14	8	58.200	2501025.426	1117429.417	384.420
2459292.089563232	18	3	2021	14	8	58.263	2501025.425	1117429.412	384.418
2459292.089563949	18	3	2021	14	8	58.325	2501025.425	1117429.414	384.422
2459292.089564644	18	3	2021	14	8	58.385	2501025.427	1117429.419	384.426
2459292.089565362	18	3	2021	14	8	58.447	2501025.428	1117429.422	384.418
2459292.089566091	18	3	2021	14	8	58.510	2501025.430	1117429.422	384.429
2459292.089566947	18	3	2021	14	8	58.584	2501025.433	1117429.421	384.422
2459292.089567677	18	3	2021	14	8	58.647	2501025.436	1117429.416	384.426
2459292.089568580	18	3	2021	14	8	58.725	2501025.442	1117429.414	384.422
2459292.089568996	18	3	2021	14	8	58.761	2501025.449	1117429.413	384.419
2459292.089569807	18	3	2021	14	8	58.831	2501025.457	1117429.407	384.420
2459292.089570547	18	3	2021	14	8	58.895	2501025.468	1117429.406	384.416
2459292.089571091	18	3	2021	14	8	58.942	2501025.481	1117429.400	384.420
2459292.089571948	18	3	2021	14	8	59.016	2501025.496	1117429.397	384.421
2459292.089572665	18	3	2021	14	8	59.078	2501025.514	1117429.392	384.421
2459292.089573568	18	3	2021	14	8	59.156	2501025.533	1117429.386	384.417
2459292.089574077	18	3	2021	14	8	59.200	2501025.555	1117429.370	384.415
2459292.089574795	18	3	2021	14	8	59.262	2501025.579	1117429.361	384.419
2459292.089575524	18	3	2021	14	8	59.325	2501025.606	1117429.353	384.420
2459292.089576392	18	3	2021	14	8	59.400	2501025.636	1117429.342	384.418
2459292.089576936	18	3	2021	14	8	59.447	2501025.671	1117429.342	384.418
2459292.089577653	18	3	2021	14	8	59.509	2501025.707	1117429.332	384.414
2459292.089578348	18	3	2021	14	8	59.569	2501025.744	1117429.317	384.414
2459292.089579065	18	3	2021	14	8	59.631	2501025.785	1117429.305	384.414
2459292.089580119	18	3	2021	14	8	59.722	2501025.877	1117429.278	384.416
2459292.089581381	18	3	2021	14	8	59.831	2501025.925	1117429.259	384.426
2459292.089582110	18	3	2021	14	8	59.894	2501025.979	1117429.247	384.418
2459292.089582619	18	3	2021	14	8	59.938	2501026.030	1117429.221	384.427
2459292.089583707	18	3	2021	14	9	0.032	2501026.149	1117429.176	384.424
2459292.089584783	18	3	2021	14	9	0.125	2501026.214	1117429.154	384.424
2459292.089585466	18	3	2021	14	9	0.184	2501026.283	1117429.136	384.425
2459292.089586207	18	3	2021	14	9	0.248	2501026.352	1117429.116	384.425
2459292.089587110	18	3	2021	14	9	0.326	2501026.423	1117429.093	384.430
2459292.089587792	18	3	2021	14	9	0.385	2501026.501	1117429.064	384.424
2459292.089588510	18	3	2021	14	9	0.447	2501026.581	1117429.039	384.433
2459292.089589239	18	3	2021	14	9	0.510	2501026.661	1117429.011	384.427
2459292.089590095	18	3	2021	14	9	0.584	2501026.752	1117428.981	384.428
2459292.089590825	18	3	2021	14	9	0.647	2501026.839	1117428.952	384.424
2459292.089591542	18	3	2021	14	9	0.709	2501026.935	1117428.918	384.431
2459292.089592237	18	3	2021	14	9	0.769	2501027.036	1117428.895	384.432
2459292.089592920	18	3	2021	14	9	0.828	2501027.464	1117428.748	384.439
2459292.089595998	18	3	2021	14	9	1.094	2501027.580	1117428.714	384.425
2459292.089596543	18	3	2021	14	9	1.141	2501027.700	1117428.671	384.428
2459292.089597225	18	3	2021	14	9	1.200	2501027.837	1117428.632	384.427
2459292.089597954	18	3	2021	14	9	1.263	2501027.954	1117428.603	384.426
2459292.089598996	18	3	2021	14	9	1.353	2501028.223	1117428.517	384.427
2459292.089600258	18	3	2021	14	9	1.462	2501028.360	1117428.465	384.428
2459292.089601079	18	3	2021	14	9	1.533	2501028.510	1117428.413	384.427
2459292.089601496	18	3	2021	14	9	1.569	2501028.660	1117428.372	384.421
2459292.089602225	18	3	2021	14	9	1.632	2501028.809	1117428.317	384.427
2459292.089603140	18	3	2021	14	9	1.711	2501028.969	1117428.272	384.427
2459292.089603811	18	3	2021	14	9	1.769	2501029.123	1117428.222	384.428
2459292.089604529	18	3	2021	14	9	1.831	2501029.291	1117428.170	384.424
2459292.089605432	18	3	2021	14	9	1.909	2501029.465	1117428.119	384.422
2459292.089605975	18	3	2021	14	9	1.956	2501029.624	1117428.066	384.424
2459292.089606670	18	3	2021	14	9	2.016	2501029.804	1117428.007	384.424
2459292.089607387	18	3	2021	14	9	2.078	2501029.982	1117427.954	384.428
2459292.089608117	18	3	2021	14	9	2.141	2501030.163	1117427.898	384.429
2459292.089608799	18	3	2021	14	9	2.200	2501030.355	1117427.836	384.428
2459292.089609517	18	3	2021	14	9	2.262	2501030.551	1117427.772	384.431
2459292.089610211	18	3	2021	14	9	2.322	2501030.939	1117427.649	384.423
2459292.089611658	18	3	2021	14	9	2.447	2501031.146	1117427.583	384.439
2459292.089612561	18	3	2021	14	9	2.525	2501031.353	1117427.522	384.428
2459292.089613256	18	3	2021	14	9	2.585	2501031.772	1117427.393	384.426
2459292.089614749	18	3	2021	14	9	2.714	2501031.993	1117427.321	384.437
2459292.089616103	18	3	2021	14	9	2.831	2501032.425	1117427.185	384.434
2459292.089617040	18	3	2021	14	9	2.912	2501032.882	1117427.039	384.429
2459292.089618059	18	3	2021	14	9	3.000	2501033.112	1117426.965	384.440
2459292.089618776	18	3	2021	14	9	3.062	2501033.359	1117426.888	384.436
2459292.089619506	18	3	2021	14	9	3.125	2501033.597	1117426.809	384.439
2459292.089620559	18	3	2021	14	9	3.216	2501033.848	1117426.728	384.439
2459292.089621103	18	3	2021	14	9	3.263	2501034.091	1117426.654	384.442
2459292.089621820	18	3	2021	14	9	3.325	2501034.342	1117426.577	384.439
2459292.089622515	18	3	2021	14	9	3.385	2501034.587	1117426.496	384.440
2459292.089623232	18	3	2021	14	9	3.447	2501034.848	1117426.415	384.436
2459292.089623962	18	3	2021	14	9	3.510	2501035.109	1117426.323	384.440
2459292.089624459	18	3	2021	14	9	3.553	2501035.379	1117426.238	384.439
2459292.089625362	18	3	2021	14	9	3.631	2501035.660	1117426.156	384.444
2459292.089625895	18	3	2021	14	9	3.677	2501035.914	1117426.064	384.445
2459292.089626624	18	3	2021	14	9	3.740	2501036.191	1117425.979	384.442
2459292.089627492	18	3	2021	14	9	3.815	2501036.473	1117425.892	384.446
2459292.089628036	18	3	2021	14	9	3.862	2501036.762	1117425.796	384.440
2459292.089628753	18	3	2021	14	9	3.924	2501037.059	1117425.705	384.445
2459292.089629448	18	3	2021	14	9	3.984	2501037.344	1117425.619	384.442
2459292.089629992	18	3	2021	14	9	4.031	2501037.631	1117425.525	384.443
2459292.089630895	18	3	2021	14	9	4.109	2501037.921	1117425.430	384.446
2459292.089631589	18	3	2021	14	9	4.169	2501038.207	1117425.349	384.437
2459292.089632584	18	3	2021	14	9	4.255	2501038.493	1117425.260	384.443
2459292.089633129	18	3	2021	14	9	4.302	2501038.808	1117425.164	384.445
2459292.089633672	18	3	2021	14	9	4.349	2501039.121	1117425.070	384.447
2459292.089634262	18	3	2021	14	9	4.400	2501039.443	1117424.964	384.448
2459292.089634980	18	3	2021	14	9	4.462	2501039.752	1117424.870	384.445
2459292.089635709	18	3	2021	14	9	4.525	2501040.091	1117424.759	384.454
2459292.089636751	18	3	2021	14	9	4.615	2501040.409	1117424.670	384.445
2459292.089637295	18	3	2021	14	9	4.662	2501040.725	1117424.560	384.449
2459292.089638012	18	3	2021	14	9	4.724	2501041.045	1117424.463	384.453
2459292.089638534	18	3	2021	14	9	4.769	2501041.368	1117424.368	384.449
2459292.089639436	18	3	2021	14	9	4.847	2501041.714	1117424.262	384.461
2459292.089640165	18	3	2021	14	9	4.910	2501042.347	1117424.065	384.459
2459292.089641381	18	3	2021	14	9	5.015	2501042.672	1117423.960	384.454
2459292.089641924	18	3	2021	14	9	5.062	2501043.026	1117423.850	384.458
2459292.089642654	18	3	2021	14	9	5.125	2501043.347	1117423.748	384.466
2459292.089643151	18	3	2021	14	9	5.168	2501044.019	1117423.532	384.468
2459292.089644783	18	3	2021	14	9	5.309	2501044.384	1117423.418	384.465
2459292.089645477	18	3	2021	14	9	5.369	2501044.726	1117423.314	384.466
2459292.089646195	18	3	2021	14	9	5.431	2501045.080	1117423.207	384.470
2459292.089646739	18	3	2021	14	9	5.478	2501045.446	1117423.095	384.471
2459292.089647342	18	3	2021	14	9	5.530	2501045.782	1117422.987	384.481
2459292.089648337	18	3	2021	14	9	5.616	2501046.470	1117422.768	384.483
2459292.089649436	18	3	2021	14	9	5.711	2501046.832	1117422.657	384.490
2459292.089650108	18	3	2021	14	9	5.769	2501047.207	1117422.549	384.486
2459292.089650836	18	3	2021	14	9	5.832	2501047.555	1117422.432	384.495
2459292.089651381	18	3	2021	14	9	5.879	2501047.937	1117422.328	384.493
2459292.089652283	18	3	2021	14	9	5.957	2501048.274	1117422.215	384.497
2459292.089652781	18	3	2021	14	9	6.000	2501048.685	1117422.094	384.502
2459292.089653499	18	3	2021	14	9	6.062	2501049.025	1117421.986	384.503
2459292.089654043	18	3	2021	14	9	6.109	2501049.398	1117421.867	384.511
2459292.089654726	18	3	2021	14	9	6.168	2501049.774	1117421.756	384.510
2459292.089655455	18	3	2021	14	9	6.231	2501050.145	1117421.638	384.520
2459292.089655999	18	3	2021	14	9	6.278	2501050.528	1117421.522	384.515
2459292.089656716	18	3	2021	14	9	6.340	2501050.900	1117421.412	384.519
2459292.089657411	18	3	2021	14	9	6.400	2501051.268	1117421.299	384.527
2459292.089657954	18	3	2021	14	9	6.447	2501051.663	1117421.177	384.524
2459292.089658672	18	3	2021	14	9	6.509	2501052.033	1117421.060	384.531
2459292.089659366	18	3	2021	14	9	6.569	2501052.830	1117420.822	384.538
2459292.089660628	18	3	2021	14	9	6.678	2501053.228	1117420.702	384.542
2459292.089661542	18	3	2021	14	9	6.757	2501053.618	1117420.591	384.537
2459292.089662040	18	3	2021	14	9	6.800	2501054.411	1117420.348	384.548
2459292.089663313	18	3	2021	14	9	6.910	2501054.853	1117420.220	384.547
2459292.089663996	18	3	2021	14	9	6.969	2501055.638	1117419.985	384.547
2459292.089664899	18	3	2021	14	9	7.047	2501056.045	1117419.862	384.555
2459292.089665767	18	3	2021	14	9	7.122	2501056.872	1117419.611	384.552
2459292.089667029	18	3	2021	14	9	7.231	2501057.265	1117419.483	384.561
2459292.089667573	18	3	2021	14	9	7.278	2501057.667	1117419.366	384.558
2459292.089668302	18	3	2021	14	9	7.341	2501058.067	1117419.245	384.563
2459292.089669169	18	3	2021	14	9	7.416	2501059.257	1117418.875	384.569
2459292.089670616	18	3	2021	14	9	7.541	2501059.692	1117418.742	384.573
2459292.089671299	18	3	2021	14	9	7.600	2501060.115	1117418.611	384.572
2459292.089672029	18	3	2021	14	9	7.663	2501060.519	1117418.494	384.579
2459292.089672619	18	3	2021	14	9	7.714	2501061.711	1117418.138	384.583
2459292.089674158	18	3	2021	14	9	7.847	2501062.128	1117418.014	384.582
2459292.089674899	18	3	2021	14	9	7.911	2501062.531	1117417.897	384.587
2459292.089675443	18	3	2021	14	9	7.958	2501062.938	1117417.775	384.590
2459292.089676114	18	3	2021	14	9	8.016	2501063.326	1117417.663	384.590
2459292.089676832	18	3	2021	14	9	8.078	2501063.741	1117417.533	384.593
2459292.089677376	18	3	2021	14	9	8.125	2501064.157	1117417.411	384.593
2459292.089677885	18	3	2021	14	9	8.169	2501064.551	1117417.300	384.595
2459292.089678614	18	3	2021	14	9	8.232	2501065.357	1117417.053	384.596
2459292.089679783	18	3	2021	14	9	8.333	2501065.778	1117416.923	384.596
2459292.089680385	18	3	2021	14	9	8.385	2501066.180	1117416.801	384.596
2459292.089680941	18	3	2021	14	9	8.433	2501067.020	1117416.543	384.602
2459292.089682017	18	3	2021	14	9	8.526	2501067.433	1117416.416	384.609
2459292.089682688	18	3	2021	14	9	8.584	2501067.843	1117416.290	384.609
2459292.089683417	18	3	2021	14	9	8.647	2501068.262	1117416.163	384.613
2459292.089684135	18	3	2021	14	9	8.709	2501068.720	1117416.029	384.613
2459292.089684679	18	3	2021	14	9	8.756	2501069.100	1117415.916	384.617
2459292.089685188	18	3	2021	14	9	8.800	2501069.532	1117415.784	384.620
2459292.089685732	18	3	2021	14	9	8.847	2501070.366	1117415.541	384.628
2459292.089686959	18	3	2021	14	9	8.953	2501070.796	1117415.408	384.633
2459292.089687688	18	3	2021	14	9	9.016	2501071.230	1117415.278	384.635
2459292.089688232	18	3	2021	14	9	9.063	2501071.638	1117415.158	384.640
2459292.089688765	18	3	2021	14	9	9.109	2501072.086	1117415.023	384.646
2459292.089689644	18	3	2021	14	9	9.185	2501072.501	1117414.899	384.649
2459292.089690188	18	3	2021	14	9	9.232	2501072.931	1117414.769	384.663
2459292.089690732	18	3	2021	14	9	9.279	2501073.334	1117414.650	384.657
2459292.089691276	18	3	2021	14	9	9.326	2501073.726	1117414.526	384.660
2459292.089691774	18	3	2021	14	9	9.369	2501074.134	1117414.405	384.663
2459292.089692491	18	3	2021	14	9	9.431	2501074.558	1117414.277	384.671
2459292.089693035	18	3	2021	14	9	9.478	2501074.983	1117414.150	384.672
2459292.089693579	18	3	2021	14	9	9.525	2501075.400	1117414.026	384.676
2459292.089694089	18	3	2021	14	9	9.569	2501075.828	1117413.902	384.681
2459292.089694991	18	3	2021	14	9	9.647	2501076.651	1117413.664	384.687
2459292.089695801	18	3	2021	14	9	9.717	2501077.085	1117413.536	384.691
2459292.089696391	18	3	2021	14	9	9.768	2501077.504	1117413.416	384.691
2459292.089696947	18	3	2021	14	9	9.816	2501077.915	1117413.293	384.698
2459292.089697491	18	3	2021	14	9	9.863	2501078.319	1117413.180	384.705
2459292.089698348	18	3	2021	14	9	9.937	2501079.177	1117412.931	384.709
2459292.089699436	18	3	2021	14	9	10.031	2501079.578	1117412.814	384.719
2459292.089699980	18	3	2021	14	9	10.078	2501079.998	1117412.695	384.722
2459292.089700524	18	3	2021	14	9	10.125	2501080.397	1117412.573	384.725
2459292.089701219	18	3	2021	14	9	10.185	2501080.822	1117412.446	384.729
2459292.089701936	18	3	2021	14	9	10.247	2501081.660	1117412.193	384.737
2459292.089703024	18	3	2021	14	9	10.341	2501082.069	1117412.075	384.742
2459292.089703533	18	3	2021	14	9	10.385	2501082.489	1117411.948	384.748
2459292.089704077	18	3	2021	14	9	10.432	2501082.891	1117411.831	384.751
2459292.089704621	18	3	2021	14	9	10.479	2501083.305	1117411.713	384.757
2459292.089705154	18	3	2021	14	9	10.525	2501083.720	1117411.583	384.762
2459292.089705698	18	3	2021	14	9	10.572	2501084.121	1117411.463	384.764
2459292.089706207	18	3	2021	14	9	10.616	2501084.561	1117411.337	384.771
2459292.089706751	18	3	2021	14	9	10.663	2501085.362	1117411.103	384.780
2459292.089708163	18	3	2021	14	9	10.785	2501086.211	1117410.858	384.790
2459292.089709066	18	3	2021	14	9	10.863	2501087.026	1117410.629	384.799
2459292.089710154	18	3	2021	14	9	10.957	2501087.463	1117410.501	384.800
2459292.089710836	18	3	2021	14	9	11.016	2501088.286	1117410.268	384.818
2459292.089711844	18	3	2021	14	9	11.103	2501089.114	1117410.034	384.828
2459292.089712781	18	3	2021	14	9	11.184	2501089.904	1117409.799	384.837
2459292.089713869	18	3	2021	14	9	11.278	2501090.717	1117409.569	384.849
2459292.089715108	18	3	2021	14	9	11.385	2501091.535	1117409.324	384.861
2459292.089716184	18	3	2021	14	9	11.478	2501092.350	1117409.098	384.865
2459292.089717099	18	3	2021	14	9	11.557	2501092.732	1117408.985	384.881
2459292.089717596	18	3	2021	14	9	11.600	2501093.179	1117408.851	384.888
2459292.089718140	18	3	2021	14	9	11.647	2501093.568	1117408.749	384.886
2459292.089718684	18	3	2021	14	9	11.694	2501093.974	1117408.630	384.899
2459292.089719228	18	3	2021	14	9	11.741	2501094.377	1117408.515	384.904
2459292.089719911	18	3	2021	14	9	11.800	2501094.771	1117408.407	384.906
2459292.089720443	18	3	2021	14	9	11.846	2501095.171	1117408.292	384.917
2459292.089720987	18	3	2021	14	9	11.893	2501095.576	1117408.172	384.920
2459292.089721531	18	3	2021	14	9	11.940	2501095.998	1117408.061	384.923
2459292.089722052	18	3	2021	14	9	11.985	2501096.352	1117407.937	384.934
2459292.089722596	18	3	2021	14	9	12.032	2501096.737	1117407.840	384.936
2459292.089723128	18	3	2021	14	9	12.078	2501097.514	1117407.617	384.949
2459292.089723672	18	3	2021	14	9	12.125	2501097.907	1117407.497	384.954
2459292.089724367	18	3	2021	14	9	12.185	2501098.698	1117407.268	384.963
2459292.089725269	18	3	2021	14	9	12.263	2501099.067	1117407.160	384.968
2459292.089726137	18	3	2021	14	9	12.338	2501099.888	1117406.918	384.979
2459292.089727133	18	3	2021	14	9	12.424	2501100.626	1117406.695	384.995
2459292.089728035	18	3	2021	14	9	12.502	2501101.389	1117406.479	385.003
2459292.089729170	18	3	2021	14	9	12.600	2501102.147	1117406.260	385.016
2459292.089730258	18	3	2021	14	9	12.694	2501102.867	1117406.053	385.031
2459292.089730790	18	3	2021	14	9	12.740	2501103.245	1117405.946	385.036
2459292.089731299	18	3	2021	14	9	12.784	2501103.634	1117405.838	385.039
2459292.089731843	18	3	2021	14	9	12.831	2501103.975	1117405.739	385.049
2459292.089732387	18	3	2021	14	9	12.878	2501104.720	1117405.532	385.059
2459292.089733128	18	3	2021	14	9	12.942	2501105.073	1117405.430	385.065
2459292.089733799	18	3	2021	14	9	13.000	2501105.454	1117405.327	385.073
2459292.089734343	18	3	2021	14	9	13.047	2501105.796	1117405.221	385.077
2459292.089734888	18	3	2021	14	9	13.094	2501106.183	1117405.118	385.080
2459292.089735420	18	3	2021	14	9	13.140	2501106.549	1117405.010	385.085
2459292.089735929	18	3	2021	14	9	13.184	2501106.911	1117404.901	385.090
2459292.089736473	18	3	2021	14	9	13.231	2501107.655	1117404.686	385.098
2459292.089737202	18	3	2021	14	9	13.294	2501108.035	1117404.579	385.101
2459292.089737746	18	3	2021	14	9	13.341	2501108.391	1117404.469	385.109
2459292.089738244	18	3	2021	14	9	13.384	2501108.770	1117404.372	385.113
2459292.089738788	18	3	2021	14	9	13.431	2501109.135	1117404.260	385.116
2459292.089739332	18	3	2021	14	9	13.478	2501109.508	1117404.151	385.125
2459292.089739876	18	3	2021	14	9	13.525	2501110.231	1117403.945	385.128
2459292.089740570	18	3	2021	14	9	13.585	2501110.597	1117403.843	385.136
2459292.089741102	18	3	2021	14	9	13.631	2501110.983	1117403.728	385.148
2459292.089741647	18	3	2021	14	9	13.678	2501111.336	1117403.628	385.144
2459292.089742191	18	3	2021	14	9	13.725	2501111.703	1117403.520	385.146
2459292.089742873	18	3	2021	14	9	13.784	2501112.450	1117403.308	385.161
2459292.089743417	18	3	2021	14	9	13.831	2501112.793	1117403.205	385.169
2459292.089743961	18	3	2021	14	9	13.878	2501113.155	1117403.103	385.180
2459292.089744517	18	3	2021	14	9	13.926	2501113.517	1117402.996	385.183
2459292.089745373	18	3	2021	14	9	14.000	2501114.411	1117402.731	385.203
2459292.089746276	18	3	2021	14	9	14.078	2501115.047	1117402.553	385.210
2459292.089747144	18	3	2021	14	9	14.153	2501115.684	1117402.358	385.225
2459292.089748047	18	3	2021	14	9	14.231	2501116.329	1117402.178	385.233
2459292.089748950	18	3	2021	14	9	14.309	2501116.976	1117401.992	385.244
2459292.089749818	18	3	2021	14	9	14.384	2501117.610	1117401.811	385.255
2459292.089750547	18	3	2021	14	9	14.447	2501118.242	1117401.632	385.265
2459292.089751450	18	3	2021	14	9	14.525	2501118.855	1117401.455	385.276
2459292.089752318	18	3	2021	14	9	14.600	2501119.492	1117401.280	385.281
2459292.089753140	18	3	2021	14	9	14.671	2501120.104	1117401.109	385.284
2459292.089754100	18	3	2021	14	9	14.754	2501120.758	1117400.924	385.297
2459292.089754992	18	3	2021	14	9	14.831	2501121.401	1117400.733	385.309
2459292.089755721	18	3	2021	14	9	14.894	2501122.032	1117400.544	385.318
2459292.089756589	18	3	2021	14	9	14.969	2501122.635	1117400.373	385.331
2459292.089757665	18	3	2021	14	9	15.062	2501123.269	1117400.179	385.340
2459292.089758568	18	3	2021	14	9	15.140	2501123.897	1117399.992	385.354
2459292.089758904	18	3	2021	14	9	15.169	2501124.523	1117399.816	385.366
2459292.089759818	18	3	2021	14	9	15.248	2501125.128	1117399.639	385.380
2459292.089760721	18	3	2021	14	9	15.326	2501125.749	1117399.460	385.397
2459292.089761577	18	3	2021	14	9	15.400	2501126.361	1117399.280	385.411
2459292.089762480	18	3	2021	14	9	15.478	2501126.983	1117399.104	385.429
2459292.089763348	18	3	2021	14	9	15.553	2501127.594	1117398.934	385.439
2459292.089764250	18	3	2021	14	9	15.631	2501128.159	1117398.774	385.453
2459292.089765165	18	3	2021	14	9	15.710	2501128.803	1117398.596	385.460
2459292.089765848	18	3	2021	14	9	15.769	2501129.427	1117398.417	385.478
2459292.089766751	18	3	2021	14	9	15.847	2501130.051	1117398.246	385.486
2459292.089767653	18	3	2021	14	9	15.925	2501130.637	1117398.076	385.501
2459292.089768521	18	3	2021	14	9	16.000	2501131.229	1117397.904	385.515
2459292.089769251	18	3	2021	14	9	16.063	2501131.804	1117397.742	385.528
2459292.089769968	18	3	2021	14	9	16.125	2501132.392	1117397.568	385.535
2459292.089770836	18	3	2021	14	9	16.200	2501132.987	1117397.401	385.552
2459292.089771565	18	3	2021	14	9	16.263	2501133.600	1117397.227	385.564
2459292.089772653	18	3	2021	14	9	16.357	2501134.163	1117397.064	385.578
2459292.089773325	18	3	2021	14	9	16.415	2501134.703	1117396.910	385.587
2459292.089774042	18	3	2021	14	9	16.477	2501135.286	1117396.742	385.609
2459292.089774922	18	3	2021	14	9	16.553	2501135.831	1117396.590	385.610
2459292.089775663	18	3	2021	14	9	16.617	2501136.360	1117396.436	385.628
2459292.089776380	18	3	2021	14	9	16.679	2501136.925	1117396.276	385.638
2459292.089777237	18	3	2021	14	9	16.753	2501137.447	1117396.123	385.655
2459292.089778313	18	3	2021	14	9	16.846	2501137.960	1117395.978	385.658
2459292.089779042	18	3	2021	14	9	16.909	2501138.559	1117395.805	385.681
2459292.089779725	18	3	2021	14	9	16.968	2501139.045	1117395.663	385.691
2459292.089780454	18	3	2021	14	9	17.031	2501139.578	1117395.508	385.704
2459292.089781357	18	3	2021	14	9	17.109	2501140.091	1117395.361	385.719
2459292.089782052	18	3	2021	14	9	17.169	2501140.595	1117395.216	385.731
2459292.089782769	18	3	2021	14	9	17.231	2501141.102	1117395.066	385.742
2459292.089783672	18	3	2021	14	9	17.309	2501141.600	1117394.929	385.755
2459292.089784355	18	3	2021	14	9	17.368	2501142.073	1117394.784	385.764
2459292.089785084	18	3	2021	14	9	17.431	2501143.129	1117394.493	385.783
2459292.089787225	18	3	2021	14	9	17.616	2501143.654	1117394.341	385.794
2459292.089787770	18	3	2021	14	9	17.663	2501144.107	1117394.208	385.811
2459292.089788487	18	3	2021	14	9	17.725	2501144.577	1117394.073	385.815
2459292.089789355	18	3	2021	14	9	17.800	2501145.546	1117393.793	385.838
2459292.089790674	18	3	2021	14	9	17.914	2501149.313	1117392.716	385.945
2459292.089796843	18	3	2021	14	9	18.447	2501149.755	1117392.588	385.961
2459292.089797561	18	3	2021	14	9	18.509	2501150.211	1117392.454	385.973
2459292.089798799	18	3	2021	14	9	18.616	2501151.131	1117392.190	385.993
2459292.089800061	18	3	2021	14	9	18.725	2501151.522	1117392.078	385.997
2459292.089800756	18	3	2021	14	9	18.785	2501152.024	1117391.952	386.008
2459292.089801658	18	3	2021	14	9	18.863	2501152.491	1117391.789	386.027
2459292.089802167	18	3	2021	14	9	18.907	2501153.938	1117391.384	386.082
2459292.089805015	18	3	2021	14	9	19.153	2501154.854	1117391.129	386.108
2459292.089806184	18	3	2021	14	9	19.254	2501155.228	1117391.018	386.118
2459292.089806774	18	3	2021	14	9	19.305	2501155.686	1117390.888	386.131
2459292.089808047	18	3	2021	14	9	19.415	2501156.976	1117390.519	386.170
2459292.089810015	18	3	2021	14	9	19.585	2501157.390	1117390.398	386.187
2459292.089810917	18	3	2021	14	9	19.663	2501157.797	1117390.279	386.200
2459292.089811462	18	3	2021	14	9	19.710	2501158.230	1117390.156	386.211
2459292.089812318	18	3	2021	14	9	19.784	2501158.650	1117390.033	386.224
2459292.089813580	18	3	2021	14	9	19.893	2501159.480	1117389.801	386.249
2459292.089814459	18	3	2021	14	9	19.969	2501159.878	1117389.681	386.252
2459292.089815177	18	3	2021	14	9	20.031	2501160.292	1117389.557	386.273
2459292.089816079	18	3	2021	14	9	20.109	2501160.704	1117389.440	386.282
2459292.089816588	18	3	2021	14	9	20.153	2501161.100	1117389.328	386.293
2459292.089817491	18	3	2021	14	9	20.231	2501161.503	1117389.212	386.305
2459292.089818035	18	3	2021	14	9	20.278	2501161.893	1117389.110	386.312
2459292.089818938	18	3	2021	14	9	20.356	2501162.286	1117388.984	386.326
2459292.089819448	18	3	2021	14	9	20.400	2501162.657	1117388.886	386.331
2459292.090024794	18	3	2021	14	9	38.142	2501202.897	1117377.335	387.615
2459292.090028163	18	3	2021	14	9	38.433	2501202.897	1117377.336	387.612
2459292.090028880	18	3	2021	14	9	38.495	2501202.897	1117377.338	387.612
2459292.090029552	18	3	2021	14	9	38.553	2501202.897	1117377.337	387.611
2459292.090030269	18	3	2021	14	9	38.615	2501202.897	1117377.338	387.612
2459292.090030813	18	3	2021	14	9	38.662	2501202.897	1117377.337	387.612
2459292.090031357	18	3	2021	14	9	38.709	2501202.897	1117377.338	387.611
2459292.090032086	18	3	2021	14	9	38.772	2501202.897	1117377.337	387.614
2459292.090032769	18	3	2021	14	9	38.831	2501202.897	1117377.336	387.612
2459292.090033313	18	3	2021	14	9	38.878	2501202.897	1117377.337	387.611
2459292.090033996	18	3	2021	14	9	38.937	2501202.897	1117377.336	387.612
2459292.090035084	18	3	2021	14	9	39.031	2501202.896	1117377.335	387.614
2459292.090036172	18	3	2021	14	9	39.125	2501202.897	1117377.337	387.611
2459292.090036681	18	3	2021	14	9	39.169	2501202.897	1117377.338	387.613
2459292.090037399	18	3	2021	14	9	39.231	2501202.897	1117377.338	387.614
2459292.090038128	18	3	2021	14	9	39.294	2501202.898	1117377.339	387.612
2459292.090038672	18	3	2021	14	9	39.341	2501202.897	1117377.338	387.615
2459292.090039541	18	3	2021	14	9	39.416	2501202.898	1117377.340	387.613
2459292.090040628	18	3	2021	14	9	39.510	2501202.897	1117377.338	387.612
2459292.090041126	18	3	2021	14	9	39.553	2501202.897	1117377.336	387.612
2459292.090041844	18	3	2021	14	9	39.615	2501202.897	1117377.338	387.612
2459292.090042202	18	3	2021	14	9	39.646	2501202.897	1117377.337	387.612
2459292.090043024	18	3	2021	14	9	39.717	2501202.897	1117377.336	387.616
2459292.090043568	18	3	2021	14	9	39.764	2501202.897	1117377.337	387.614
2459292.090044159	18	3	2021	14	9	39.815	2501202.897	1117377.338	387.613
2459292.090044702	18	3	2021	14	9	39.862	2501202.897	1117377.337	387.617
2459292.090045432	18	3	2021	14	9	39.925	2501202.898	1117377.339	387.611
2459292.090045964	18	3	2021	14	9	39.971	2501202.897	1117377.338	387.617
2459292.090046484	18	3	2021	14	9	40.016	2501202.897	1117377.337	387.615
2459292.090047029	18	3	2021	14	9	40.063	2501202.897	1117377.339	387.613
2459292.090047573	18	3	2021	14	9	40.110	2501202.897	1117377.336	387.616
2459292.090048429	18	3	2021	14	9	40.184	2501202.897	1117377.337	387.613
2459292.090048973	18	3	2021	14	9	40.231	2501202.897	1117377.337	387.613
2459292.090049517	18	3	2021	14	9	40.278	2501202.897	1117377.336	387.616
2459292.090050234	18	3	2021	14	9	40.340	2501202.897	1117377.336	387.613
2459292.090051115	18	3	2021	14	9	40.416	2501202.897	1117377.335	387.616
2459292.090051658	18	3	2021	14	9	40.463	2501202.897	1117377.338	387.616
2459292.090052376	18	3	2021	14	9	40.525	2501202.897	1117377.337	387.617
2459292.090053244	18	3	2021	14	9	40.600	2501202.896	1117377.335	387.616
2459292.090053973	18	3	2021	14	9	40.663	2501202.897	1117377.336	387.617
2459292.090054691	18	3	2021	14	9	40.725	2501202.896	1117377.335	387.616
2459292.090055744	18	3	2021	14	9	40.816	2501202.897	1117377.336	387.616
2459292.090056288	18	3	2021	14	9	40.863	2501202.896	1117377.334	387.617
2459292.090057006	18	3	2021	14	9	40.925	2501202.897	1117377.336	387.617
2459292.090057550	18	3	2021	14	9	40.972	2501202.897	1117377.337	387.616
2459292.090058059	18	3	2021	14	9	41.016	2501202.896	1117377.334	387.618
2459292.090058696	18	3	2021	14	9	41.071	2501202.896	1117377.335	387.616
2459292.090059413	18	3	2021	14	9	41.133	2501202.896	1117377.335	387.617
2459292.090059830	18	3	2021	14	9	41.169	2501202.896	1117377.335	387.619
2459292.090060362	18	3	2021	14	9	41.215	2501202.897	1117377.335	387.614
2459292.090061415	18	3	2021	14	9	41.306	2501202.896	1117377.335	387.617
2459292.090062677	18	3	2021	14	9	41.415	2501202.897	1117377.335	387.616
2459292.090063915	18	3	2021	14	9	41.522	2501202.897	1117377.336	387.614
2459292.090065536	18	3	2021	14	9	41.662	2501202.897	1117377.336	387.615
2459292.090066774	18	3	2021	14	9	41.769	2501202.896	1117377.334	387.618
2459292.090067850	18	3	2021	14	9	41.862	2501202.896	1117377.335	387.613
2459292.090068580	18	3	2021	14	9	41.925	2501202.896	1117377.335	387.617
2459292.090069124	18	3	2021	14	9	41.972	2501202.896	1117377.335	387.616
2459292.090069807	18	3	2021	14	9	42.031	2501202.897	1117377.335	387.612
2459292.090070351	18	3	2021	14	9	42.078	2501202.897	1117377.335	387.614
2459292.090070894	18	3	2021	14	9	42.125	2501202.897	1117377.335	387.612
2459292.090071438	18	3	2021	14	9	42.172	2501202.897	1117377.336	387.614
2459292.090071762	18	3	2021	14	9	42.200	2501202.896	1117377.335	387.614
2459292.090072480	18	3	2021	14	9	42.262	2501202.897	1117377.336	387.616
2459292.090073799	18	3	2021	14	9	42.376	2501202.897	1117377.337	387.614
2459292.090074262	18	3	2021	14	9	42.416	2501202.897	1117377.336	387.615
2459292.090074980	18	3	2021	14	9	42.478	2501202.897	1117377.335	387.614
2459292.090076392	18	3	2021	14	9	42.600	2501202.897	1117377.337	387.612
2459292.090076751	18	3	2021	14	9	42.631	2501202.898	1117377.340	387.607
2459292.090077480	18	3	2021	14	9	42.694	2501202.897	1117377.336	387.608
2459292.090078024	18	3	2021	14	9	42.741	2501202.897	1117377.336	387.609
2459292.090078892	18	3	2021	14	9	42.816	2501202.897	1117377.336	387.607
2459292.090079436	18	3	2021	14	9	42.863	2501202.897	1117377.334	387.611
2459292.090080073	18	3	2021	14	9	42.918	2501202.897	1117377.335	387.610
2459292.090080466	18	3	2021	14	9	42.952	2501202.897	1117377.336	387.611
2459292.090081207	18	3	2021	14	9	43.016	2501202.897	1117377.337	387.612
2459292.090081739	18	3	2021	14	9	43.062	2501202.897	1117377.335	387.612
2459292.090082284	18	3	2021	14	9	43.109	2501202.897	1117377.338	387.610
2459292.090083163	18	3	2021	14	9	43.185	2501202.897	1117377.336	387.614
2459292.090084251	18	3	2021	14	9	43.279	2501202.897	1117377.338	387.610
2459292.090084969	18	3	2021	14	9	43.341	2501202.897	1117377.336	387.612
2459292.090085466	18	3	2021	14	9	43.384	2501202.897	1117377.335	387.613
2459292.090086010	18	3	2021	14	9	43.431	2501202.897	1117377.337	387.610
2459292.090086913	18	3	2021	14	9	43.509	2501202.896	1117377.335	387.615
2459292.090087966	18	3	2021	14	9	43.600	2501202.897	1117377.335	387.612
2459292.090088499	18	3	2021	14	9	43.646	2501202.897	1117377.335	387.617
2459292.090089228	18	3	2021	14	9	43.709	2501202.897	1117377.337	387.615
2459292.090090466	18	3	2021	14	9	43.816	2501202.897	1117377.336	387.612
2459292.090091566	18	3	2021	14	9	43.911	2501202.896	1117377.335	387.617
2459292.090092110	18	3	2021	14	9	43.958	2501202.897	1117377.335	387.615
2459292.090092769	18	3	2021	14	9	44.015	2501202.897	1117377.336	387.613
2459292.090093313	18	3	2021	14	9	44.062	2501202.896	1117377.335	387.615
2459292.090094042	18	3	2021	14	9	44.125	2501202.897	1117377.337	387.615
2459292.090094575	18	3	2021	14	9	44.171	2501202.897	1117377.336	387.616
2459292.090095084	18	3	2021	14	9	44.215	2501202.897	1117377.336	387.616
2459292.090095628	18	3	2021	14	9	44.262	2501202.897	1117377.336	387.612
2459292.090097040	18	3	2021	14	9	44.384	2501202.897	1117377.336	387.613
2459292.090098128	18	3	2021	14	9	44.478	2501202.897	1117377.335	387.614
2459292.090098672	18	3	2021	14	9	44.525	2501202.897	1117377.336	387.619
2459292.090099540	18	3	2021	14	9	44.600	2501202.897	1117377.336	387.614
2459292.090100084	18	3	2021	14	9	44.647	2501202.896	1117377.333	387.616
2459292.090100813	18	3	2021	14	9	44.710	2501202.897	1117377.335	387.615
2459292.090101345	18	3	2021	14	9	44.756	2501202.897	1117377.336	387.611
2459292.090101855	18	3	2021	14	9	44.800	2501202.897	1117377.335	387.616
2459292.090102399	18	3	2021	14	9	44.847	2501202.897	1117377.336	387.616
2459292.090103128	18	3	2021	14	9	44.910	2501202.897	1117377.336	387.616
2459292.090103672	18	3	2021	14	9	44.957	2501202.896	1117377.335	387.618
2459292.090104355	18	3	2021	14	9	45.016	2501202.897	1117377.336	387.613
2459292.090104899	18	3	2021	14	9	45.063	2501202.897	1117377.337	387.614
2459292.090105616	18	3	2021	14	9	45.125	2501202.896	1117377.335	387.617
2459292.090105941	18	3	2021	14	9	45.153	2501202.897	1117377.336	387.615
2459292.090107225	18	3	2021	14	9	45.264	2501202.897	1117377.336	387.613
2459292.090107758	18	3	2021	14	9	45.310	2501202.897	1117377.336	387.614
2459292.090108626	18	3	2021	14	9	45.385	2501202.896	1117377.335	387.616
2459292.090109169	18	3	2021	14	9	45.432	2501202.897	1117377.336	387.611
2459292.090110929	18	3	2021	14	9	45.584	2501202.897	1117377.336	387.609
2459292.090111647	18	3	2021	14	9	45.646	2501202.897	1117377.337	387.611
2459292.090112191	18	3	2021	14	9	45.693	2501202.897	1117377.336	387.617
2459292.090112735	18	3	2021	14	9	45.740	2501202.897	1117377.337	387.617
2459292.090113429	18	3	2021	14	9	45.800	2501202.897	1117377.336	387.613
2459292.090114146	18	3	2021	14	9	45.862	2501202.897	1117377.336	387.616
2459292.090114690	18	3	2021	14	9	45.909	2501202.897	1117377.337	387.609
2459292.090115385	18	3	2021	14	9	45.969	2501202.897	1117377.337	387.614
2459292.090116473	18	3	2021	14	9	46.063	2501202.896	1117377.334	387.615
2459292.090117700	18	3	2021	14	9	46.169	2501202.897	1117377.336	387.613
2459292.090118603	18	3	2021	14	9	46.247	2501202.897	1117377.337	387.611
2459292.090119147	18	3	2021	14	9	46.294	2501202.897	1117377.337	387.614
2459292.090120200	18	3	2021	14	9	46.385	2501202.897	1117377.335	387.616
2459292.090120732	18	3	2021	14	9	46.431	2501202.897	1117377.336	387.616
2459292.090121542	18	3	2021	14	9	46.501	2501202.897	1117377.337	387.609
2459292.090122144	18	3	2021	14	9	46.553	2501202.897	1117377.336	387.614
2459292.090122885	18	3	2021	14	9	46.617	2501202.897	1117377.337	387.614
2459292.090123973	18	3	2021	14	9	46.711	2501202.897	1117377.337	387.613
2459292.090125189	18	3	2021	14	9	46.816	2501202.897	1117377.336	387.615
2459292.090125721	18	3	2021	14	9	46.862	2501202.897	1117377.337	387.612
2459292.090126450	18	3	2021	14	9	46.925	2501202.897	1117377.338	387.612
2459292.090126994	18	3	2021	14	9	46.972	2501202.897	1117377.336	387.613
2459292.090127491	18	3	2021	14	9	47.015	2501202.898	1117377.339	387.611
2459292.090128036	18	3	2021	14	9	47.062	2501202.898	1117377.339	387.614
2459292.090128730	18	3	2021	14	9	47.122	2501202.898	1117377.338	387.614
2459292.090129807	18	3	2021	14	9	47.215	2501202.898	1117377.338	387.615
2459292.090130351	18	3	2021	14	9	47.262	2501202.897	1117377.337	387.615
2459292.090131080	18	3	2021	14	9	47.325	2501202.898	1117377.339	387.609
2459292.090131774	18	3	2021	14	9	47.385	2501202.897	1117377.338	387.614
2459292.090132307	18	3	2021	14	9	47.431	2501202.897	1117377.336	387.614
2459292.090133036	18	3	2021	14	9	47.494	2501202.897	1117377.337	387.610
2459292.090133580	18	3	2021	14	9	47.541	2501202.897	1117377.335	387.616
2459292.090134263	18	3	2021	14	9	47.600	2501202.897	1117377.335	387.614
2459292.090134806	18	3	2021	14	9	47.647	2501202.897	1117377.336	387.614
2459292.090135536	18	3	2021	14	9	47.710	2501202.897	1117377.335	387.616
2459292.090136080	18	3	2021	14	9	47.757	2501202.897	1117377.337	387.614
2459292.090136577	18	3	2021	14	9	47.800	2501202.897	1117377.338	387.615
2459292.090137121	18	3	2021	14	9	47.847	2501202.896	1117377.335	387.618
2459292.090137758	18	3	2021	14	9	47.902	2501202.897	1117377.338	387.614
2459292.090138302	18	3	2021	14	9	47.949	2501202.897	1117377.337	387.613
2459292.090138892	18	3	2021	14	9	48.000	2501202.897	1117377.335	387.614
2459292.090139424	18	3	2021	14	9	48.046	2501202.898	1117377.338	387.609
2459292.090140165	18	3	2021	14	9	48.110	2501202.897	1117377.335	387.614
2459292.090140709	18	3	2021	14	9	48.157	2501202.897	1117377.336	387.614
2459292.090141392	18	3	2021	14	9	48.216	2501202.897	1117377.337	387.612
2459292.090141936	18	3	2021	14	9	48.263	2501202.897	1117377.336	387.613
2459292.090143522	18	3	2021	14	9	48.400	2501202.897	1117377.336	387.614
2459292.090144425	18	3	2021	14	9	48.478	2501202.898	1117377.339	387.611
2459292.090145153	18	3	2021	14	9	48.541	2501202.897	1117377.337	387.607
2459292.090145837	18	3	2021	14	9	48.600	2501202.897	1117377.337	387.612
2459292.090146554	18	3	2021	14	9	48.662	2501202.897	1117377.337	387.608
2459292.090147098	18	3	2021	14	9	48.709	2501202.897	1117377.337	387.613
2459292.090147642	18	3	2021	14	9	48.756	2501202.897	1117377.337	387.611
2459292.090148337	18	3	2021	14	9	48.816	2501202.897	1117377.337	387.611
2459292.090149413	18	3	2021	14	9	48.909	2501202.897	1117377.337	387.612
2459292.090149957	18	3	2021	14	9	48.956	2501202.898	1117377.340	387.611
2459292.090150466	18	3	2021	14	9	49.000	2501202.898	1117377.338	387.612
2459292.090151184	18	3	2021	14	9	49.062	2501202.898	1117377.338	387.613
2459292.090151728	18	3	2021	14	9	49.109	2501202.898	1117377.338	387.610
2459292.090152422	18	3	2021	14	9	49.169	2501202.898	1117377.338	387.613
2459292.090152966	18	3	2021	14	9	49.216	2501202.898	1117377.338	387.612
2459292.090153603	18	3	2021	14	9	49.271	2501202.897	1117377.337	387.612
2459292.090154355	18	3	2021	14	9	49.336	2501202.898	1117377.339	387.614
2459292.090155999	18	3	2021	14	9	49.478	2501202.897	1117377.337	387.615
2459292.090156727	18	3	2021	14	9	49.541	2501202.897	1117377.337	387.614
2459292.090157225	18	3	2021	14	9	49.584	2501202.897	1117377.336	387.617
2459292.090157769	18	3	2021	14	9	49.631	2501202.897	1117377.337	387.614
2459292.090158498	18	3	2021	14	9	49.694	2501202.897	1117377.337	387.613
2459292.090159042	18	3	2021	14	9	49.741	2501202.897	1117377.337	387.615
2459292.090159911	18	3	2021	14	9	49.816	2501202.897	1117377.336	387.613
2459292.090161172	18	3	2021	14	9	49.925	2501202.897	1117377.335	387.614
2459292.090162040	18	3	2021	14	9	50.000	2501202.897	1117377.337	387.613
2459292.090162584	18	3	2021	14	9	50.047	2501202.897	1117377.336	387.614
2459292.090163128	18	3	2021	14	9	50.094	2501202.897	1117377.338	387.614
2459292.090163846	18	3	2021	14	9	50.156	2501202.897	1117377.337	387.612
2459292.090164529	18	3	2021	14	9	50.215	2501202.897	1117377.337	387.613
2459292.090165073	18	3	2021	14	9	50.262	2501202.897	1117377.337	387.612
2459292.090165941	18	3	2021	14	9	50.337	2501202.897	1117377.336	387.615
2459292.090167029	18	3	2021	14	9	50.431	2501202.897	1117377.337	387.613
2459292.090167573	18	3	2021	14	9	50.478	2501202.897	1117377.337	387.615
2459292.090168290	18	3	2021	14	9	50.540	2501202.897	1117377.335	387.616
2459292.090168811	18	3	2021	14	9	50.585	2501202.897	1117377.337	387.612
2459292.090169888	18	3	2021	14	9	50.678	2501202.897	1117377.337	387.612
2459292.090170756	18	3	2021	14	9	50.753	2501202.898	1117377.338	387.612
2459292.090172017	18	3	2021	14	9	50.862	2501202.898	1117377.338	387.612
2459292.090172561	18	3	2021	14	9	50.909	2501202.897	1117377.337	387.612
2459292.090173614	18	3	2021	14	9	51.000	2501202.897	1117377.337	387.611
2459292.090174702	18	3	2021	14	9	51.094	2501202.898	1117377.338	387.611
2459292.090175420	18	3	2021	14	9	51.156	2501202.897	1117377.336	387.612
2459292.090176114	18	3	2021	14	9	51.216	2501202.898	1117377.338	387.609
2459292.090177017	18	3	2021	14	9	51.294	2501202.897	1117377.336	387.612
2459292.090177735	18	3	2021	14	9	51.356	2501202.898	1117377.338	387.608
2459292.090178244	18	3	2021	14	9	51.400	2501202.897	1117377.336	387.612
2459292.090178788	18	3	2021	14	9	51.447	2501202.897	1117377.336	387.612
2459292.090179517	18	3	2021	14	9	51.510	2501202.898	1117377.339	387.607
2459292.090180015	18	3	2021	14	9	51.553	2501202.898	1117377.337	387.611
2459292.090180744	18	3	2021	14	9	51.616	2501202.898	1117377.338	387.609
2459292.090181832	18	3	2021	14	9	51.710	2501202.898	1117377.338	387.611
2459292.090182364	18	3	2021	14	9	51.756	2501202.897	1117377.336	387.611
2459292.090183232	18	3	2021	14	9	51.831	2501202.898	1117377.340	387.612
2459292.090183776	18	3	2021	14	9	51.878	2501202.897	1117377.335	387.615
2459292.090184320	18	3	2021	14	9	51.925	2501202.898	1117377.337	387.610
2459292.090184644	18	3	2021	14	9	51.953	2501202.898	1117377.338	387.612
2459292.090185744	18	3	2021	14	9	52.048	2501202.897	1117377.335	387.610
2459292.090186600	18	3	2021	14	9	52.122	2501202.897	1117377.336	387.612
2459292.090188047	18	3	2021	14	9	52.247	2501202.899	1117377.341	387.610
2459292.090188580	18	3	2021	14	9	52.293	2501202.898	1117377.339	387.612
2459292.090189818	18	3	2021	14	9	52.400	2501202.898	1117377.339	387.609
2459292.090190362	18	3	2021	14	9	52.447	2501202.897	1117377.336	387.610
2459292.090191079	18	3	2021	14	9	52.509	2501202.898	1117377.340	387.614
2459292.090191623	18	3	2021	14	9	52.556	2501202.898	1117377.338	387.609
2459292.090192318	18	3	2021	14	9	52.616	2501202.898	1117377.338	387.612
2459292.090193221	18	3	2021	14	9	52.694	2501202.898	1117377.340	387.610
2459292.090193938	18	3	2021	14	9	52.756	2501202.898	1117377.338	387.614
2459292.090194633	18	3	2021	14	9	52.816	2501202.898	1117377.340	387.610
2459292.090195177	18	3	2021	14	9	52.863	2501202.898	1117377.339	387.612
2459292.090195674	18	3	2021	14	9	52.906	2501202.899	1117377.340	387.610
2459292.090196959	18	3	2021	14	9	53.017	2501202.898	1117377.339	387.612
2459292.090198047	18	3	2021	14	9	53.111	2501202.898	1117377.339	387.611
2459292.090198718	18	3	2021	14	9	53.169	2501202.898	1117377.339	387.614
2459292.090199436	18	3	2021	14	9	53.231	2501202.898	1117377.339	387.611
2459292.090199980	18	3	2021	14	9	53.278	2501202.898	1117377.339	387.614
2459292.090201033	18	3	2021	14	9	53.369	2501202.898	1117377.339	387.612
2459292.090201947	18	3	2021	14	9	53.448	2501202.898	1117377.338	387.615
2459292.090202491	18	3	2021	14	9	53.495	2501202.898	1117377.339	387.615
2459292.090203035	18	3	2021	14	9	53.542	2501202.898	1117377.339	387.612
2459292.090203707	18	3	2021	14	9	53.600	2501202.898	1117377.338	387.615
2459292.090204251	18	3	2021	14	9	53.647	2501202.897	1117377.336	387.614
2459292.090204795	18	3	2021	14	9	53.694	2501202.898	1117377.338	387.614
2459292.090205339	18	3	2021	14	9	53.741	2501202.897	1117377.336	387.615
2459292.090206195	18	3	2021	14	9	53.815	2501202.898	1117377.339	387.613
2459292.090207283	18	3	2021	14	9	53.909	2501202.897	1117377.336	387.616
2459292.090207827	18	3	2021	14	9	53.956	2501202.898	1117377.338	387.613
2459292.090208337	18	3	2021	14	9	54.000	2501202.898	1117377.339	387.613
2459292.090208881	18	3	2021	14	9	54.047	2501202.897	1117377.336	387.615
2459292.090209922	18	3	2021	14	9	54.137	2501202.898	1117377.338	387.613
2459292.090212098	18	3	2021	14	9	54.325	2501202.898	1117377.338	387.615
2459292.090212642	18	3	2021	14	9	54.372	2501202.898	1117377.337	387.612
2459292.090213140	18	3	2021	14	9	54.415	2501202.898	1117377.338	387.615
2459292.090214413	18	3	2021	14	9	54.525	2501202.898	1117377.340	387.612
2459292.090214923	18	3	2021	14	9	54.569	2501202.898	1117377.340	387.612
2459292.090215640	18	3	2021	14	9	54.631	2501202.898	1117377.339	387.613
2459292.090216450	18	3	2021	14	9	54.701	2501202.898	1117377.339	387.613
2459292.090217781	18	3	2021	14	9	54.816	2501202.898	1117377.338	387.612
2459292.090218684	18	3	2021	14	9	54.894	2501202.898	1117377.338	387.613
2459292.090219228	18	3	2021	14	9	54.941	2501202.898	1117377.339	387.613
2459292.090220096	18	3	2021	14	9	55.016	2501202.898	1117377.339	387.613
2459292.090221184	18	3	2021	14	9	55.110	2501202.898	1117377.338	387.614
2459292.090221728	18	3	2021	14	9	55.157	2501202.898	1117377.337	387.614
2459292.090222399	18	3	2021	14	9	55.215	2501202.898	1117377.338	387.614
2459292.090222943	18	3	2021	14	9	55.262	2501202.898	1117377.337	387.615
2459292.090223823	18	3	2021	14	9	55.338	2501202.898	1117377.338	387.612
2459292.090224899	18	3	2021	14	9	55.431	2501202.897	1117377.337	387.615
2459292.090225443	18	3	2021	14	9	55.478	2501202.898	1117377.339	387.613
2459292.090226126	18	3	2021	14	9	55.537	2501202.897	1117377.336	387.615
2459292.090227214	18	3	2021	14	9	55.631	2501202.897	1117377.337	387.613
2459292.090227758	18	3	2021	14	9	55.678	2501202.897	1117377.336	387.615
2459292.090228302	18	3	2021	14	9	55.725	2501202.898	1117377.338	387.614
2459292.090228985	18	3	2021	14	9	55.784	2501202.897	1117377.337	387.612
2459292.090229529	18	3	2021	14	9	55.831	2501202.898	1117377.339	387.611
2459292.090230258	18	3	2021	14	9	55.894	2501202.898	1117377.338	387.614
2459292.090231311	18	3	2021	14	9	55.985	2501202.898	1117377.339	387.612
2459292.090231936	18	3	2021	14	9	56.039	2501202.897	1117377.336	387.611
2459292.090232654	18	3	2021	14	9	56.101	2501202.898	1117377.338	387.611
2459292.090233614	18	3	2021	14	9	56.184	2501202.898	1117377.338	387.612
2459292.090234702	18	3	2021	14	9	56.278	2501202.898	1117377.338	387.611
2459292.090235246	18	3	2021	14	9	56.325	2501202.897	1117377.336	387.613
2459292.090236114	18	3	2021	14	9	56.400	2501202.898	1117377.339	387.613
2459292.090236647	18	3	2021	14	9	56.446	2501202.898	1117377.340	387.611
2459292.090237376	18	3	2021	14	9	56.509	2501202.898	1117377.338	387.613
2459292.090237920	18	3	2021	14	9	56.556	2501202.898	1117377.338	387.613
2459292.090238429	18	3	2021	14	9	56.600	2501202.898	1117377.337	387.614
2459292.090238962	18	3	2021	14	9	56.646	2501202.897	1117377.338	387.617
2459292.090239691	18	3	2021	14	9	56.709	2501202.898	1117377.338	387.611
2459292.090240235	18	3	2021	14	9	56.756	2501202.898	1117377.339	387.615
2459292.090240744	18	3	2021	14	9	56.800	2501202.897	1117377.337	387.615
2459292.090241462	18	3	2021	14	9	56.862	2501202.898	1117377.338	387.613
2459292.090242005	18	3	2021	14	9	56.909	2501202.898	1117377.338	387.614
2459292.090242515	18	3	2021	14	9	56.953	2501202.897	1117377.336	387.613
2459292.090243232	18	3	2021	14	9	57.015	2501202.897	1117377.336	387.616
2459292.090243776	18	3	2021	14	9	57.062	2501202.898	1117377.338	387.611
2459292.090244830	18	3	2021	14	9	57.153	2501202.897	1117377.337	387.614
2459292.090245733	18	3	2021	14	9	57.231	2501202.897	1117377.337	387.613
2459292.090246647	18	3	2021	14	9	57.310	2501202.898	1117377.337	387.614
2459292.090247688	18	3	2021	14	9	57.400	2501202.898	1117377.338	387.610
2459292.090249089	18	3	2021	14	9	57.521	2501202.897	1117377.336	387.617
2459292.090250188	18	3	2021	14	9	57.616	2501202.897	1117377.335	387.613
2459292.090251265	18	3	2021	14	9	57.709	2501202.897	1117377.335	387.615
2459292.090251948	18	3	2021	14	9	57.768	2501202.897	1117377.334	387.618
2459292.090252862	18	3	2021	14	9	57.847	2501202.897	1117377.336	387.619
2459292.090253395	18	3	2021	14	9	57.893	2501202.896	1117377.334	387.618
2459292.090254089	18	3	2021	14	9	57.953	2501202.897	1117377.335	387.615
2459292.090255374	18	3	2021	14	9	58.064	2501202.897	1117377.335	387.620
2459292.090256218	18	3	2021	14	9	58.137	2501202.897	1117377.335	387.620
2459292.090257306	18	3	2021	14	9	58.231	2501202.897	1117377.334	387.616
2459292.090257850	18	3	2021	14	9	58.278	2501202.896	1117377.333	387.616
2459292.090258568	18	3	2021	14	9	58.340	2501202.896	1117377.334	387.621
2459292.090259447	18	3	2021	14	9	58.416	2501202.897	1117377.335	387.618
2459292.090260524	18	3	2021	14	9	58.509	2501202.896	1117377.333	387.617
2459292.090261068	18	3	2021	14	9	58.556	2501202.896	1117377.334	387.618
2459292.090261762	18	3	2021	14	9	58.616	2501202.897	1117377.335	387.619
2459292.090262306	18	3	2021	14	9	58.663	2501202.897	1117377.335	387.615
2459292.090262839	18	3	2021	14	9	58.709	2501202.896	1117377.334	387.617
2459292.090263533	18	3	2021	14	9	58.769	2501202.897	1117377.336	387.613
2459292.090264621	18	3	2021	14	9	58.863	2501202.897	1117377.335	387.617
2459292.090265177	18	3	2021	14	9	58.911	2501202.898	1117377.337	387.609
2459292.090265848	18	3	2021	14	9	58.969	2501202.898	1117377.339	387.613
2459292.090266751	18	3	2021	14	9	59.047	2501202.898	1117377.339	387.613
2459292.090267654	18	3	2021	14	9	59.125	2501202.898	1117377.338	387.614
2459292.090268336	18	3	2021	14	9	59.184	2501202.898	1117377.339	387.611
2459292.090268880	18	3	2021	14	9	59.231	2501202.899	1117377.341	387.610
2459292.090269783	18	3	2021	14	9	59.309	2501202.898	1117377.338	387.614
2459292.090270836	18	3	2021	14	9	59.400	2501202.897	1117377.337	387.614
2459292.090271380	18	3	2021	14	9	59.447	2501202.897	1117377.335	387.615
2459292.090271924	18	3	2021	14	9	59.494	2501202.898	1117377.338	387.613
2459292.090272468	18	3	2021	14	9	59.541	2501202.898	1117377.338	387.615
2459292.090273151	18	3	2021	14	9	59.600	2501202.897	1117377.336	387.613
2459292.090273695	18	3	2021	14	9	59.647	2501202.898	1117377.338	387.613
2459292.090274424	18	3	2021	14	9	59.710	2501202.897	1117377.336	387.616
2459292.090274957	18	3	2021	14	9	59.756	2501202.898	1117377.338	387.614
2459292.090275825	18	3	2021	14	9	59.831	2501202.898	1117377.338	387.613
2459292.090276288	18	3	2021	14	9	59.871	2501202.897	1117377.337	387.615
2459292.090277005	18	3	2021	14	9	59.933	2501202.898	1117377.338	387.611
2459292.090277561	18	3	2021	14	9	59.981	2501202.898	1117377.338	387.612
2459292.090277781	18	3	2021	14	10	0.000	2501202.898	1117377.338	387.612
2459292.090278510	18	3	2021	14	10	0.063	2501202.898	1117377.339	387.609
2459292.090279367	18	3	2021	14	10	0.137	2501202.898	1117377.339	387.610
2459292.090280466	18	3	2021	14	10	0.232	2501202.898	1117377.339	387.612
2459292.090281195	18	3	2021	14	10	0.295	2501202.898	1117377.337	387.612
2459292.090282237	18	3	2021	14	10	0.385	2501202.898	1117377.340	387.615
2459292.090282781	18	3	2021	14	10	0.432	2501202.897	1117377.334	387.615
2459292.090283313	18	3	2021	14	10	0.478	2501202.898	1117377.340	387.624
2459292.090283857	18	3	2021	14	10	0.525	2501202.897	1117377.335	387.621
2459292.090284725	18	3	2021	14	10	0.600	2501202.897	1117377.336	387.621
2459292.090285269	18	3	2021	14	10	0.647	2501202.897	1117377.337	387.620
2459292.090285813	18	3	2021	14	10	0.694	2501202.897	1117377.337	387.614
2459292.090286531	18	3	2021	14	10	0.756	2501202.897	1117377.336	387.611
2459292.090287225	18	3	2021	14	10	0.816	2501202.898	1117377.338	387.614
2459292.090287942	18	3	2021	14	10	0.878	2501202.899	1117377.344	387.614
2459292.090289031	18	3	2021	14	10	0.972	2501202.900	1117377.345	387.611
2459292.090289540	18	3	2021	14	10	1.016	2501202.899	1117377.343	387.610
2459292.090290258	18	3	2021	14	10	1.078	2501202.898	1117377.341	387.611
2459292.090290987	18	3	2021	14	10	1.141	2501202.899	1117377.344	387.604
2459292.090291496	18	3	2021	14	10	1.185	2501202.900	1117377.345	387.608
2459292.090292040	18	3	2021	14	10	1.232	2501202.899	1117377.342	387.602
2459292.090292572	18	3	2021	14	10	1.278	2501202.899	1117377.344	387.606
2459292.090293301	18	3	2021	14	10	1.341	2501202.899	1117377.344	387.615
2459292.090293985	18	3	2021	14	10	1.400	2501202.900	1117377.348	387.607
2459292.090294529	18	3	2021	14	10	1.447	2501202.900	1117377.347	387.609
2459292.090295177	18	3	2021	14	10	1.503	2501202.900	1117377.348	387.608
2459292.090295710	18	3	2021	14	10	1.549	2501202.900	1117377.345	387.605
2459292.090296300	18	3	2021	14	10	1.600	2501202.900	1117377.345	387.613
2459292.090296867	18	3	2021	14	10	1.649	2501202.900	1117377.347	387.606
2459292.090297712	18	3	2021	14	10	1.722	2501202.900	1117377.346	387.606
2459292.090298973	18	3	2021	14	10	1.831	2501202.899	1117377.341	387.612
2459292.090300061	18	3	2021	14	10	1.925	2501202.900	1117377.348	387.604
2459292.090300571	18	3	2021	14	10	1.969	2501202.900	1117377.348	387.605
2459292.090301300	18	3	2021	14	10	2.032	2501202.900	1117377.348	387.607
2459292.090302526	18	3	2021	14	10	2.138	2501202.900	1117377.348	387.603
2459292.090303614	18	3	2021	14	10	2.232	2501202.900	1117377.350	387.601
2459292.090304147	18	3	2021	14	10	2.278	2501202.899	1117377.347	387.611
2459292.090304876	18	3	2021	14	10	2.341	2501202.901	1117377.347	387.607
2459292.090305386	18	3	2021	14	10	2.385	2501202.903	1117377.348	387.610
2459292.090305930	18	3	2021	14	10	2.432	2501202.906	1117377.346	387.604
2459292.090306832	18	3	2021	14	10	2.510	2501202.913	1117377.350	387.601
2459292.090307874	18	3	2021	14	10	2.600	2501202.921	1117377.344	387.609
2459292.090308950	18	3	2021	14	10	2.693	2501202.928	1117377.346	387.605
2459292.090309494	18	3	2021	14	10	2.740	2501202.933	1117377.339	387.610
2459292.090310373	18	3	2021	14	10	2.816	2501202.941	1117377.341	387.606
2459292.090311357	18	3	2021	14	10	2.901	2501202.956	1117377.333	387.608
2459292.090312260	18	3	2021	14	10	2.979	2501202.966	1117377.329	387.615
2459292.090312677	18	3	2021	14	10	3.015	2501202.976	1117377.327	387.617
2459292.090313233	18	3	2021	14	10	3.063	2501202.988	1117377.323	387.617
2459292.090313962	18	3	2021	14	10	3.126	2501203.000	1117377.315	387.627
2459292.090314459	18	3	2021	14	10	3.169	2501203.017	1117377.318	387.615
2459292.090315003	18	3	2021	14	10	3.216	2501203.031	1117377.310	387.619
2459292.090315536	18	3	2021	14	10	3.262	2501203.049	1117377.313	387.607
2459292.090316600	18	3	2021	14	10	3.354	2501203.083	1117377.297	387.615
2459292.090317862	18	3	2021	14	10	3.463	2501203.126	1117377.289	387.613
2459292.090318765	18	3	2021	14	10	3.541	2501203.150	1117377.281	387.621
2459292.090319274	18	3	2021	14	10	3.585	2501203.174	1117377.272	387.620
2459292.090320177	18	3	2021	14	10	3.663	2501203.201	1117377.266	387.615
2459292.090320721	18	3	2021	14	10	3.710	2501203.230	1117377.259	387.619
2459292.090321265	18	3	2021	14	10	3.757	2501203.259	1117377.247	387.628
2459292.090321762	18	3	2021	14	10	3.800	2501203.290	1117377.236	387.635
2459292.090322480	18	3	2021	14	10	3.862	2501203.322	1117377.230	387.624
2459292.090323024	18	3	2021	14	10	3.909	2501203.358	1117377.220	387.629
2459292.090323533	18	3	2021	14	10	3.953	2501203.395	1117377.208	387.627
2459292.090324251	18	3	2021	14	10	4.015	2501203.437	1117377.197	387.629
2459292.090324795	18	3	2021	14	10	4.062	2501203.521	1117377.169	387.636
2459292.090326034	18	3	2021	14	10	4.169	2501203.610	1117377.146	387.635
2459292.090327388	18	3	2021	14	10	4.286	2501203.657	1117377.132	387.636
