#Julian Date	Day	Month	Year	Hour	Minute	Second	East	North	Altitude
#[j]	[j]	[mois]	[année]	[h]	[min]	[s]	[m]	[m]	[m]
2459292.089214467	18	3	2021	14	8	28.130	2500980.204	1117441.978	384.282
2459292.089215277	18	3	2021	14	8	28.200	2500980.668	1117441.859	384.286
2459292.089216307	18	3	2021	14	8	28.289	2500981.153	1117441.765	384.289
2459292.089217025	18	3	2021	14	8	28.351	2500981.603	1117441.674	384.295
2459292.089358599	18	3	2021	14	8	40.583	2501025.417	1117429.376	384.419
2459292.089362661	18	3	2021	14	8	40.934	2501025.417	1117429.377	384.419
2459292.089363564	18	3	2021	14	8	41.012	2501025.421	1117429.390	384.415
2459292.089363610	18	3	2021	14	8	41.016	2501025.420	1117429.386	384.419
2459292.089364178	18	3	2021	14	8	41.065	2501025.420	1117429.388	384.423
2459292.089365057	18	3	2021	14	8	41.141	2501025.420	1117429.387	384.417
2459292.089365370	18	3	2021	14	8	41.168	2501025.419	1117429.384	384.423
2459292.089366087	18	3	2021	14	8	41.230	2501025.419	1117429.383	384.418
2459292.089366701	18	3	2021	14	8	41.283	2501025.419	1117429.385	384.423
2459292.089367685	18	3	2021	14	8	41.368	2501025.420	1117429.387	384.425
2459292.089368275	18	3	2021	14	8	41.419	2501025.420	1117429.386	384.421
2459292.089369050	18	3	2021	14	8	41.486	2501025.420	1117429.386	384.417
2459292.089370370	18	3	2021	14	8	41.600	2501025.420	1117429.387	384.413
2459292.089371331	18	3	2021	14	8	41.683	2501025.420	1117429.388	384.416
2459292.089371874	18	3	2021	14	8	41.730	2501025.421	1117429.391	384.420
2459292.089372499	18	3	2021	14	8	41.784	2501025.420	1117429.387	384.418
2459292.089373298	18	3	2021	14	8	41.853	2501025.420	1117429.386	384.416
2459292.089374108	18	3	2021	14	8	41.923	2501025.420	1117429.386	384.419
2459292.089374640	18	3	2021	14	8	41.969	2501025.419	1117429.384	384.419
2459292.089375428	18	3	2021	14	8	42.037	2501025.420	1117429.386	384.415
2459292.089376157	18	3	2021	14	8	42.100	2501025.421	1117429.390	384.417
2459292.089376955	18	3	2021	14	8	42.169	2501025.421	1117429.389	384.418
2459292.089377522	18	3	2021	14	8	42.218	2501025.420	1117429.386	384.418
2459292.089378309	18	3	2021	14	8	42.286	2501025.420	1117429.387	384.417
2459292.089379062	18	3	2021	14	8	42.351	2501025.420	1117429.387	384.418
2459292.089379629	18	3	2021	14	8	42.400	2501025.420	1117429.386	384.421
2459292.089380590	18	3	2021	14	8	42.483	2501025.420	1117429.385	384.419
2459292.089381168	18	3	2021	14	8	42.533	2501025.420	1117429.387	384.419
2459292.089381944	18	3	2021	14	8	42.600	2501025.420	1117429.385	384.422
2459292.089382719	18	3	2021	14	8	42.667	2501025.419	1117429.383	384.421
2459292.089383495	18	3	2021	14	8	42.734	2501025.419	1117429.384	384.418
2459292.089384062	18	3	2021	14	8	42.783	2501025.418	1117429.382	384.421
2459292.089385022	18	3	2021	14	8	42.866	2501025.419	1117429.384	384.420
2459292.089385555	18	3	2021	14	8	42.912	2501025.420	1117429.387	384.423
2459292.089386400	18	3	2021	14	8	42.985	2501025.420	1117429.386	384.422
2459292.089386955	18	3	2021	14	8	43.033	2501025.419	1117429.382	384.424
2459292.089387720	18	3	2021	14	8	43.099	2501025.419	1117429.382	384.425
2459292.089388518	18	3	2021	14	8	43.168	2501025.419	1117429.384	384.422
2459292.089389293	18	3	2021	14	8	43.235	2501025.419	1117429.383	384.421
2459292.089389837	18	3	2021	14	8	43.282	2501025.420	1117429.387	384.417
2459292.089390844	18	3	2021	14	8	43.369	2501025.419	1117429.386	384.425
2459292.089391620	18	3	2021	14	8	43.436	2501025.420	1117429.386	384.423
2459292.089392175	18	3	2021	14	8	43.484	2501025.419	1117429.385	384.422
2459292.089392939	18	3	2021	14	8	43.550	2501025.420	1117429.387	384.423
2459292.089393518	18	3	2021	14	8	43.600	2501025.420	1117429.386	384.425
2459292.089394293	18	3	2021	14	8	43.667	2501025.419	1117429.384	384.422
2459292.089395046	18	3	2021	14	8	43.732	2501025.419	1117429.386	384.422
2459292.089395833	18	3	2021	14	8	43.800	2501025.419	1117429.385	384.425
2459292.089396550	18	3	2021	14	8	43.862	2501025.420	1117429.386	384.420
2459292.089398599	18	3	2021	14	8	44.039	2501025.421	1117429.389	384.418
2459292.089399745	18	3	2021	14	8	44.138	2501025.420	1117429.387	384.415
2459292.089400462	18	3	2021	14	8	44.200	2501025.420	1117429.386	384.419
2459292.089401608	18	3	2021	14	8	44.299	2501025.419	1117429.383	384.418
2459292.089402396	18	3	2021	14	8	44.367	2501025.420	1117429.386	384.422
2459292.089403368	18	3	2021	14	8	44.451	2501025.421	1117429.391	384.420
2459292.089403935	18	3	2021	14	8	44.500	2501025.419	1117429.386	384.428
2459292.089404722	18	3	2021	14	8	44.568	2501025.418	1117429.379	384.420
2459292.089405451	18	3	2021	14	8	44.631	2501025.420	1117429.388	384.424
2459292.089406262	18	3	2021	14	8	44.701	2501025.418	1117429.382	384.423
2459292.089407048	18	3	2021	14	8	44.769	2501025.421	1117429.390	384.422
2459292.089407581	18	3	2021	14	8	44.815	2501025.420	1117429.387	384.424
2459292.089408449	18	3	2021	14	8	44.890	2501025.419	1117429.383	384.423
2459292.089409224	18	3	2021	14	8	44.957	2501025.420	1117429.387	384.419
2459292.089409722	18	3	2021	14	8	45.000	2501025.419	1117429.385	384.424
2459292.089410486	18	3	2021	14	8	45.066	2501025.419	1117429.385	384.420
2459292.089411204	18	3	2021	14	8	45.128	2501025.419	1117429.387	384.425
2459292.089412037	18	3	2021	14	8	45.200	2501025.421	1117429.390	384.422
2459292.089412581	18	3	2021	14	8	45.247	2501025.420	1117429.388	384.419
2459292.089413391	18	3	2021	14	8	45.317	2501025.419	1117429.383	384.421
2459292.089414166	18	3	2021	14	8	45.384	2501025.418	1117429.381	384.420
2459292.089414745	18	3	2021	14	8	45.434	2501025.418	1117429.381	384.417
2459292.089415520	18	3	2021	14	8	45.501	2501025.420	1117429.387	384.421
2459292.089416308	18	3	2021	14	8	45.569	2501025.419	1117429.385	384.420
2459292.089417072	18	3	2021	14	8	45.635	2501025.420	1117429.386	384.424
2459292.089418009	18	3	2021	14	8	45.716	2501025.420	1117429.389	384.423
2459292.089419167	18	3	2021	14	8	45.816	2501025.419	1117429.384	384.423
2459292.089419942	18	3	2021	14	8	45.883	2501025.420	1117429.388	384.420
2459292.089420706	18	3	2021	14	8	45.949	2501025.420	1117429.387	384.426
2459292.089421296	18	3	2021	14	8	46.000	2501025.418	1117429.380	384.420
2459292.089422083	18	3	2021	14	8	46.068	2501025.418	1117429.381	384.416
2459292.089422812	18	3	2021	14	8	46.131	2501025.419	1117429.383	384.418
2459292.089423611	18	3	2021	14	8	46.200	2501025.419	1117429.383	384.418
2459292.089424201	18	3	2021	14	8	46.251	2501025.419	1117429.385	384.418
2459292.089424977	18	3	2021	14	8	46.318	2501025.419	1117429.382	384.416
2459292.089425741	18	3	2021	14	8	46.384	2501025.420	1117429.387	384.421
2459292.089426296	18	3	2021	14	8	46.432	2501025.419	1117429.384	384.418
2459292.089427291	18	3	2021	14	8	46.518	2501025.420	1117429.388	384.421
2459292.089427859	18	3	2021	14	8	46.567	2501025.418	1117429.381	384.419
2459292.089428808	18	3	2021	14	8	46.649	2501025.418	1117429.381	384.421
2459292.089430208	18	3	2021	14	8	46.770	2501025.419	1117429.385	384.416
2459292.089430741	18	3	2021	14	8	46.816	2501025.419	1117429.383	384.418
2459292.089431528	18	3	2021	14	8	46.884	2501025.419	1117429.384	384.418
2459292.089432315	18	3	2021	14	8	46.952	2501025.420	1117429.386	384.420
2459292.089432870	18	3	2021	14	8	47.000	2501025.419	1117429.384	384.420
2459292.089434641	18	3	2021	14	8	47.153	2501025.419	1117429.385	384.419
2459292.089436180	18	3	2021	14	8	47.286	2501025.419	1117429.385	384.418
2459292.089437326	18	3	2021	14	8	47.385	2501025.418	1117429.382	384.420
2459292.089437905	18	3	2021	14	8	47.435	2501025.418	1117429.382	384.421
2459292.089438681	18	3	2021	14	8	47.502	2501025.418	1117429.382	384.420
2459292.089439456	18	3	2021	14	8	47.569	2501025.419	1117429.384	384.418
2459292.089440417	18	3	2021	14	8	47.652	2501025.419	1117429.383	384.419
2459292.089440960	18	3	2021	14	8	47.699	2501025.418	1117429.382	384.419
2459292.089441735	18	3	2021	14	8	47.766	2501025.416	1117429.375	384.421
2459292.089443321	18	3	2021	14	8	47.903	2501025.419	1117429.385	384.422
2459292.089443877	18	3	2021	14	8	47.951	2501025.419	1117429.383	384.423
2459292.089444653	18	3	2021	14	8	48.018	2501025.420	1117429.388	384.422
2459292.089445428	18	3	2021	14	8	48.085	2501025.420	1117429.388	384.421
2459292.089446400	18	3	2021	14	8	48.169	2501025.419	1117429.384	384.425
2459292.089447535	18	3	2021	14	8	48.267	2501025.419	1117429.385	384.422
2459292.089448136	18	3	2021	14	8	48.319	2501025.418	1117429.382	384.420
2459292.089449074	18	3	2021	14	8	48.400	2501025.420	1117429.387	384.419
2459292.089449641	18	3	2021	14	8	48.449	2501025.418	1117429.382	384.417
2459292.089450439	18	3	2021	14	8	48.518	2501025.419	1117429.384	384.420
2459292.089451747	18	3	2021	14	8	48.631	2501025.418	1117429.383	384.424
2459292.089452569	18	3	2021	14	8	48.702	2501025.420	1117429.389	384.420
2459292.089453321	18	3	2021	14	8	48.767	2501025.420	1117429.386	384.419
2459292.089453889	18	3	2021	14	8	48.816	2501025.421	1117429.391	384.415
2459292.089454826	18	3	2021	14	8	48.897	2501025.418	1117429.379	384.420
2459292.089455428	18	3	2021	14	8	48.949	2501025.419	1117429.384	384.423
2459292.089456018	18	3	2021	14	8	49.000	2501025.418	1117429.381	384.420
2459292.089456805	18	3	2021	14	8	49.068	2501025.418	1117429.380	384.420
2459292.089457766	18	3	2021	14	8	49.151	2501025.418	1117429.381	384.418
2459292.089458333	18	3	2021	14	8	49.200	2501025.420	1117429.387	384.421
2459292.089459097	18	3	2021	14	8	49.266	2501025.419	1117429.386	384.422
2459292.089460080	18	3	2021	14	8	49.351	2501025.419	1117429.385	384.419
2459292.089461238	18	3	2021	14	8	49.451	2501025.420	1117429.388	384.420
2459292.089462013	18	3	2021	14	8	49.518	2501025.419	1117429.384	384.422
2459292.089462603	18	3	2021	14	8	49.569	2501025.420	1117429.388	384.420
2459292.089463425	18	3	2021	14	8	49.640	2501025.420	1117429.389	384.419
2459292.089464178	18	3	2021	14	8	49.705	2501025.418	1117429.381	384.421
2459292.089464698	18	3	2021	14	8	49.750	2501025.419	1117429.384	384.427
2459292.089465694	18	3	2021	14	8	49.836	2501025.418	1117429.382	384.420
2459292.089466272	18	3	2021	14	8	49.886	2501025.420	1117429.388	384.424
2459292.089467048	18	3	2021	14	8	49.953	2501025.419	1117429.386	384.423
2459292.089467592	18	3	2021	14	8	50.000	2501025.419	1117429.385	384.421
2459292.089468507	18	3	2021	14	8	50.079	2501025.419	1117429.384	384.425
2459292.089469062	18	3	2021	14	8	50.127	2501025.419	1117429.385	384.421
2459292.089470474	18	3	2021	14	8	50.249	2501025.419	1117429.385	384.423
2459292.089471261	18	3	2021	14	8	50.317	2501025.420	1117429.387	384.422
2459292.089472025	18	3	2021	14	8	50.383	2501025.419	1117429.385	384.419
2459292.089473368	18	3	2021	14	8	50.499	2501025.420	1117429.388	384.422
2459292.089474178	18	3	2021	14	8	50.569	2501025.420	1117429.388	384.415
2459292.089475115	18	3	2021	14	8	50.650	2501025.419	1117429.386	384.423
2459292.089475682	18	3	2021	14	8	50.699	2501025.419	1117429.386	384.426
2459292.089476307	18	3	2021	14	8	50.753	2501025.419	1117429.385	384.418
2459292.089477279	18	3	2021	14	8	50.837	2501025.418	1117429.381	384.421
2459292.089477846	18	3	2021	14	8	50.886	2501025.420	1117429.387	384.425
2459292.089478633	18	3	2021	14	8	50.954	2501025.418	1117429.382	384.425
2459292.089479166	18	3	2021	14	8	51.000	2501025.417	1117429.379	384.420
2459292.089479918	18	3	2021	14	8	51.065	2501025.420	1117429.389	384.418
2459292.089480914	18	3	2021	14	8	51.151	2501025.421	1117429.393	384.418
2459292.089482256	18	3	2021	14	8	51.267	2501025.420	1117429.387	384.417
2459292.089482835	18	3	2021	14	8	51.317	2501025.419	1117429.383	384.421
2459292.089483611	18	3	2021	14	8	51.384	2501025.421	1117429.390	384.420
2459292.089484201	18	3	2021	14	8	51.435	2501025.420	1117429.389	384.418
2459292.089484965	18	3	2021	14	8	51.501	2501025.420	1117429.389	384.421
2459292.089485764	18	3	2021	14	8	51.570	2501025.421	1117429.391	384.422
2459292.089486527	18	3	2021	14	8	51.636	2501025.421	1117429.390	384.422
2459292.089487315	18	3	2021	14	8	51.704	2501025.420	1117429.389	384.422
2459292.089487893	18	3	2021	14	8	51.754	2501025.421	1117429.392	384.421
2459292.089488657	18	3	2021	14	8	51.820	2501025.421	1117429.393	384.421
2459292.089489433	18	3	2021	14	8	51.887	2501025.421	1117429.393	384.414
2459292.089490741	18	3	2021	14	8	52.000	2501025.418	1117429.380	384.419
2459292.089492280	18	3	2021	14	8	52.133	2501025.419	1117429.385	384.424
2459292.089492847	18	3	2021	14	8	52.182	2501025.419	1117429.384	384.427
2459292.089493808	18	3	2021	14	8	52.265	2501025.419	1117429.386	384.420
2459292.089495648	18	3	2021	14	8	52.424	2501025.419	1117429.386	384.420
2459292.089496771	18	3	2021	14	8	52.521	2501025.419	1117429.384	384.420
2459292.089497581	18	3	2021	14	8	52.591	2501025.419	1117429.386	384.424
2459292.089497511	18	3	2021	14	8	52.585	2501025.419	1117429.385	384.432
2459292.089498472	18	3	2021	14	8	52.668	2501025.420	1117429.389	384.426
2459292.089499433	18	3	2021	14	8	52.751	2501025.420	1117429.389	384.426
2459292.089500197	18	3	2021	14	8	52.817	2501025.419	1117429.385	384.425
2459292.089500984	18	3	2021	14	8	52.885	2501025.418	1117429.383	384.426
2459292.089501747	18	3	2021	14	8	52.951	2501025.419	1117429.386	384.422
2459292.089502315	18	3	2021	14	8	53.000	2501025.418	1117429.381	384.426
2459292.089503102	18	3	2021	14	8	53.068	2501025.418	1117429.383	384.425
2459292.089504085	18	3	2021	14	8	53.153	2501025.419	1117429.386	384.425
2459292.089505405	18	3	2021	14	8	53.267	2501025.420	1117429.388	384.425
2459292.089506770	18	3	2021	14	8	53.385	2501025.420	1117429.390	384.422
2459292.089507349	18	3	2021	14	8	53.435	2501025.419	1117429.383	384.423
2459292.089508113	18	3	2021	14	8	53.501	2501025.419	1117429.385	384.425
2459292.089508900	18	3	2021	14	8	53.569	2501025.419	1117429.385	384.423
2459292.089509664	18	3	2021	14	8	53.635	2501025.418	1117429.383	384.430
2459292.089510428	18	3	2021	14	8	53.701	2501025.419	1117429.385	384.422
2459292.089510972	18	3	2021	14	8	53.748	2501025.419	1117429.384	384.423
2459292.089511747	18	3	2021	14	8	53.815	2501025.420	1117429.390	384.423
2459292.089512349	18	3	2021	14	8	53.867	2501025.421	1117429.393	384.421
2459292.089513321	18	3	2021	14	8	53.951	2501025.422	1117429.395	384.422
2459292.089514097	18	3	2021	14	8	54.018	2501025.420	1117429.386	384.419
2459292.089514664	18	3	2021	14	8	54.067	2501025.419	1117429.384	384.422
2459292.089515440	18	3	2021	14	8	54.134	2501025.419	1117429.383	384.418
2459292.089516007	18	3	2021	14	8	54.183	2501025.420	1117429.388	384.424
2459292.089516921	18	3	2021	14	8	54.262	2501025.420	1117429.388	384.422
2459292.089517465	18	3	2021	14	8	54.309	2501025.421	1117429.390	384.415
2459292.089518333	18	3	2021	14	8	54.384	2501025.421	1117429.390	384.417
2459292.089518912	18	3	2021	14	8	54.434	2501025.418	1117429.382	384.420
2459292.089520659	18	3	2021	14	8	54.585	2501025.419	1117429.385	384.423
2459292.089521817	18	3	2021	14	8	54.685	2501025.419	1117429.387	384.423
2459292.089522581	18	3	2021	14	8	54.751	2501025.420	1117429.387	384.421
2459292.089523356	18	3	2021	14	8	54.818	2501025.420	1117429.387	384.415
2459292.089524305	18	3	2021	14	8	54.900	2501025.419	1117429.385	384.422
2459292.089525463	18	3	2021	14	8	55.000	2501025.420	1117429.390	384.424
2459292.089526226	18	3	2021	14	8	55.066	2501025.419	1117429.384	384.423
2459292.089526979	18	3	2021	14	8	55.131	2501025.420	1117429.387	384.423
2459292.089527592	18	3	2021	14	8	55.184	2501025.419	1117429.386	384.424
2459292.089528507	18	3	2021	14	8	55.263	2501025.420	1117429.386	384.423
2459292.089529051	18	3	2021	14	8	55.310	2501025.420	1117429.389	384.422
2459292.089530092	18	3	2021	14	8	55.400	2501025.419	1117429.386	384.419
2459292.089531261	18	3	2021	14	8	55.501	2501025.421	1117429.391	384.423
2459292.089532222	18	3	2021	14	8	55.584	2501025.420	1117429.387	384.421
2459292.089532800	18	3	2021	14	8	55.634	2501025.418	1117429.382	384.426
2459292.089533565	18	3	2021	14	8	55.700	2501025.418	1117429.380	384.423
2459292.089534132	18	3	2021	14	8	55.749	2501025.417	1117429.380	384.428
2459292.089535115	18	3	2021	14	8	55.834	2501025.419	1117429.384	384.424
2459292.089536273	18	3	2021	14	8	55.934	2501025.419	1117429.386	384.431
2459292.089537245	18	3	2021	14	8	56.018	2501025.420	1117429.387	384.426
2459292.089538599	18	3	2021	14	8	56.135	2501025.419	1117429.384	384.428
2459292.089539351	18	3	2021	14	8	56.200	2501025.419	1117429.384	384.422
2459292.089539942	18	3	2021	14	8	56.251	2501025.417	1117429.380	384.429
2459292.089540683	18	3	2021	14	8	56.315	2501025.419	1117429.385	384.427
2459292.089541481	18	3	2021	14	8	56.384	2501025.419	1117429.385	384.423
2459292.089542071	18	3	2021	14	8	56.435	2501025.420	1117429.387	384.423
2459292.089542835	18	3	2021	14	8	56.501	2501025.420	1117429.390	384.428
2459292.089543622	18	3	2021	14	8	56.569	2501025.421	1117429.392	384.425
2459292.089544201	18	3	2021	14	8	56.619	2501025.420	1117429.388	384.423
2459292.089545184	18	3	2021	14	8	56.704	2501025.421	1117429.391	384.425
2459292.089545751	18	3	2021	14	8	56.753	2501025.418	1117429.382	384.422
2459292.089546296	18	3	2021	14	8	56.800	2501025.420	1117429.389	384.421
2459292.089547303	18	3	2021	14	8	56.887	2501025.420	1117429.388	384.425
2459292.089547893	18	3	2021	14	8	56.938	2501025.419	1117429.386	384.427
2459292.089548611	18	3	2021	14	8	57.000	2501025.420	1117429.387	384.423
2459292.089549317	18	3	2021	14	8	57.061	2501025.417	1117429.377	384.428
2459292.089550162	18	3	2021	14	8	57.134	2501025.418	1117429.381	384.424
2459292.089550925	18	3	2021	14	8	57.200	2501025.417	1117429.379	384.424
2459292.089551481	18	3	2021	14	8	57.248	2501025.419	1117429.386	384.425
2459292.089552477	18	3	2021	14	8	57.334	2501025.421	1117429.391	384.426
2459292.089553645	18	3	2021	14	8	57.435	2501025.421	1117429.391	384.423
2459292.089554409	18	3	2021	14	8	57.501	2501025.420	1117429.389	384.427
2459292.089554976	18	3	2021	14	8	57.550	2501025.420	1117429.388	384.421
2459292.089555960	18	3	2021	14	8	57.635	2501025.420	1117429.387	384.425
2459292.089557684	18	3	2021	14	8	57.784	2501025.420	1117429.387	384.421
2459292.089558830	18	3	2021	14	8	57.883	2501025.420	1117429.388	384.418
2459292.089559409	18	3	2021	14	8	57.933	2501025.421	1117429.391	384.420
2459292.089560185	18	3	2021	14	8	58.000	2501025.419	1117429.385	384.425
2459292.089560949	18	3	2021	14	8	58.066	2501025.421	1117429.392	384.422
2459292.089561689	18	3	2021	14	8	58.130	2501025.420	1117429.388	384.428
2459292.089563078	18	3	2021	14	8	58.250	2501025.420	1117429.388	384.420
2459292.089563854	18	3	2021	14	8	58.317	2501025.420	1117429.388	384.423
2459292.089564432	18	3	2021	14	8	58.367	2501025.419	1117429.384	384.425
2459292.089565219	18	3	2021	14	8	58.435	2501025.421	1117429.387	384.424
2459292.089566758	18	3	2021	14	8	58.568	2501025.425	1117429.385	384.422
2459292.089567546	18	3	2021	14	8	58.636	2501025.430	1117429.389	384.425
2459292.089568472	18	3	2021	14	8	58.716	2501025.440	1117429.377	384.421
2459292.089569618	18	3	2021	14	8	58.815	2501025.454	1117429.394	384.422
2459292.089570220	18	3	2021	14	8	58.867	2501025.461	1117429.381	384.420
2459292.089571400	18	3	2021	14	8	58.969	2501025.488	1117429.366	384.421
2459292.089572558	18	3	2021	14	8	59.069	2501025.507	1117429.364	384.424
2459292.089573321	18	3	2021	14	8	59.135	2501025.524	1117429.347	384.423
2459292.089574074	18	3	2021	14	8	59.200	2501025.549	1117429.347	384.422
2459292.089574653	18	3	2021	14	8	59.250	2501025.572	1117429.342	384.428
2459292.089575579	18	3	2021	14	8	59.330	2501025.598	1117429.329	384.420
2459292.089576168	18	3	2021	14	8	59.381	2501025.625	1117429.310	384.421
2459292.089576944	18	3	2021	14	8	59.448	2501025.694	1117429.293	384.423
2459292.089578333	18	3	2021	14	8	59.568	2501025.727	1117429.283	384.426
2459292.089579109	18	3	2021	14	8	59.635	2501025.770	1117429.270	384.425
2459292.089579664	18	3	2021	14	8	59.683	2501025.814	1117429.257	384.429
2459292.089580660	18	3	2021	14	8	59.769	2501025.861	1117429.247	384.429
2459292.089581261	18	3	2021	14	8	59.821	2501025.909	1117429.232	384.432
2459292.089581805	18	3	2021	14	8	59.868	2501025.960	1117429.211	384.429
2459292.089582801	18	3	2021	14	8	59.954	2501026.009	1117429.185	384.427
2459292.089583900	18	3	2021	14	9	0.049	2501026.130	1117429.155	384.430
2459292.089584791	18	3	2021	14	9	0.126	2501026.189	1117429.132	384.428
2459292.089585844	18	3	2021	14	9	0.217	2501026.323	1117429.101	384.432
2459292.089586805	18	3	2021	14	9	0.300	2501026.395	1117429.076	384.424
2459292.089587615	18	3	2021	14	9	0.370	2501026.467	1117429.045	384.430
2459292.089588183	18	3	2021	14	9	0.419	2501026.543	1117429.025	384.419
2459292.089588958	18	3	2021	14	9	0.486	2501026.624	1117428.996	384.426
2459292.089589918	18	3	2021	14	9	0.569	2501026.796	1117428.943	384.420
2459292.089591261	18	3	2021	14	9	0.685	2501026.885	1117428.911	384.422
2459292.089591840	18	3	2021	14	9	0.735	2501026.980	1117428.883	384.421
2459292.089592592	18	3	2021	14	9	0.800	2501027.080	1117428.851	384.427
2459292.089593160	18	3	2021	14	9	0.849	2501027.176	1117428.816	384.423
2459292.089593924	18	3	2021	14	9	0.915	2501027.282	1117428.778	384.422
2459292.089594711	18	3	2021	14	9	0.983	2501027.395	1117428.746	384.425
2459292.089595486	18	3	2021	14	9	1.050	2501027.625	1117428.669	384.427
2459292.089596851	18	3	2021	14	9	1.168	2501027.744	1117428.634	384.423
2459292.089597812	18	3	2021	14	9	1.251	2501028.006	1117428.549	384.426
2459292.089598970	18	3	2021	14	9	1.351	2501028.137	1117428.507	384.422
2459292.089599745	18	3	2021	14	9	1.418	2501028.266	1117428.462	384.430
2459292.089600312	18	3	2021	14	9	1.467	2501028.415	1117428.423	384.425
2459292.089601296	18	3	2021	14	9	1.552	2501028.555	1117428.368	384.432
2459292.089601852	18	3	2021	14	9	1.600	2501028.697	1117428.323	384.430
2459292.089602442	18	3	2021	14	9	1.651	2501028.852	1117428.278	384.427
2459292.089603391	18	3	2021	14	9	1.733	2501029.159	1117428.176	384.430
2459292.089604722	18	3	2021	14	9	1.848	2501029.489	1117428.068	384.434
2459292.089606122	18	3	2021	14	9	1.969	2501029.657	1117428.021	384.431
2459292.089607071	18	3	2021	14	9	2.051	2501029.836	1117427.962	384.436
2459292.089607650	18	3	2021	14	9	2.101	2501030.015	1117427.911	384.433
2459292.089608194	18	3	2021	14	9	2.148	2501030.198	1117427.847	384.434
2459292.089608981	18	3	2021	14	9	2.216	2501030.383	1117427.794	384.439
2459292.089609606	18	3	2021	14	9	2.270	2501030.568	1117427.734	384.433
2459292.089610555	18	3	2021	14	9	2.352	2501030.775	1117427.672	384.439
2459292.089611111	18	3	2021	14	9	2.400	2501030.955	1117427.612	384.434
2459292.089611666	18	3	2021	14	9	2.448	2501031.162	1117427.546	384.433
2459292.089612639	18	3	2021	14	9	2.532	2501031.362	1117427.483	384.438
2459292.089613240	18	3	2021	14	9	2.584	2501031.583	1117427.421	384.441
2459292.089613969	18	3	2021	14	9	2.647	2501031.783	1117427.353	384.439
2459292.089614571	18	3	2021	14	9	2.699	2501031.996	1117427.283	384.441
2459292.089615312	18	3	2021	14	9	2.763	2501032.218	1117427.217	384.437
2459292.089615926	18	3	2021	14	9	2.816	2501032.441	1117427.143	384.440
2459292.089616921	18	3	2021	14	9	2.902	2501032.657	1117427.076	384.440
2459292.089617465	18	3	2021	14	9	2.949	2501032.891	1117427.001	384.438
2459292.089618055	18	3	2021	14	9	3.000	2501033.120	1117426.918	384.445
2459292.089619027	18	3	2021	14	9	3.084	2501033.592	1117426.783	384.444
2459292.089620370	18	3	2021	14	9	3.200	2501034.075	1117426.627	384.444
2459292.089621528	18	3	2021	14	9	3.300	2501034.330	1117426.539	384.439
2459292.089622326	18	3	2021	14	9	3.369	2501034.590	1117426.466	384.436
2459292.089623102	18	3	2021	14	9	3.436	2501034.824	1117426.388	384.442
2459292.089624016	18	3	2021	14	9	3.515	2501035.361	1117426.212	384.439
2459292.089625196	18	3	2021	14	9	3.617	2501035.637	1117426.120	384.443
2459292.089625775	18	3	2021	14	9	3.667	2501035.908	1117426.037	384.446
2459292.089626527	18	3	2021	14	9	3.732	2501036.469	1117425.859	384.449
2459292.089628078	18	3	2021	14	9	3.866	2501037.024	1117425.678	384.448
2459292.089629270	18	3	2021	14	9	3.969	2501037.303	1117425.594	384.443
2459292.089630242	18	3	2021	14	9	4.053	2501037.599	1117425.504	384.446
2459292.089630926	18	3	2021	14	9	4.112	2501038.174	1117425.322	384.444
2459292.089632129	18	3	2021	14	9	4.216	2501038.452	1117425.236	384.444
2459292.089632870	18	3	2021	14	9	4.280	2501038.769	1117425.142	384.443
2459292.089633889	18	3	2021	14	9	4.368	2501039.401	1117424.952	384.447
2459292.089634838	18	3	2021	14	9	4.450	2501039.705	1117424.849	384.452
2459292.089635613	18	3	2021	14	9	4.517	2501040.009	1117424.757	384.448
2459292.089636400	18	3	2021	14	9	4.585	2501040.353	1117424.663	384.448
2459292.089636932	18	3	2021	14	9	4.631	2501040.657	1117424.561	384.449
2459292.089637742	18	3	2021	14	9	4.701	2501040.963	1117424.466	384.450
2459292.089638356	18	3	2021	14	9	4.754	2501041.288	1117424.364	384.454
2459292.089639166	18	3	2021	14	9	4.824	2501041.611	1117424.265	384.455
2459292.089639699	18	3	2021	14	9	4.870	2501041.956	1117424.155	384.459
2459292.089640705	18	3	2021	14	9	4.957	2501042.300	1117424.044	384.456
2459292.089641203	18	3	2021	14	9	5.000	2501042.982	1117423.830	384.453
2459292.089642372	18	3	2021	14	9	5.101	2501043.310	1117423.726	384.460
2459292.089643136	18	3	2021	14	9	5.167	2501043.624	1117423.622	384.463
2459292.089643703	18	3	2021	14	9	5.216	2501043.972	1117423.517	384.466
2459292.089644501	18	3	2021	14	9	5.285	2501044.292	1117423.415	384.465
2459292.089645069	18	3	2021	14	9	5.334	2501044.641	1117423.308	384.470
2459292.089645833	18	3	2021	14	9	5.400	2501044.976	1117423.202	384.474
2459292.089646412	18	3	2021	14	9	5.450	2501045.335	1117423.087	384.474
2459292.089646955	18	3	2021	14	9	5.497	2501045.685	1117422.975	384.463
2459292.089647777	18	3	2021	14	9	5.568	2501046.037	1117422.874	384.476
2459292.089648553	18	3	2021	14	9	5.635	2501046.399	1117422.760	384.482
2459292.089649120	18	3	2021	14	9	5.684	2501046.773	1117422.647	384.485
2459292.089649895	18	3	2021	14	9	5.751	2501047.466	1117422.435	384.491
2459292.089651249	18	3	2021	14	9	5.868	2501047.825	1117422.330	384.492
2459292.089651805	18	3	2021	14	9	5.916	2501048.181	1117422.215	384.499
2459292.089652418	18	3	2021	14	9	5.969	2501048.547	1117422.094	384.502
2459292.089652997	18	3	2021	14	9	6.019	2501048.916	1117421.992	384.502
2459292.089653773	18	3	2021	14	9	6.086	2501049.302	1117421.871	384.511
2459292.089654548	18	3	2021	14	9	6.153	2501049.667	1117421.757	384.515
2459292.089655092	18	3	2021	14	9	6.200	2501050.030	1117421.644	384.521
2459292.089655867	18	3	2021	14	9	6.267	2501050.770	1117421.414	384.526
2459292.089657037	18	3	2021	14	9	6.368	2501051.191	1117421.290	384.525
2459292.089657801	18	3	2021	14	9	6.434	2501051.550	1117421.179	384.531
2459292.089658391	18	3	2021	14	9	6.485	2501051.928	1117421.067	384.531
2459292.089659155	18	3	2021	14	9	6.551	2501052.704	1117420.831	384.539
2459292.089660301	18	3	2021	14	9	6.650	2501053.098	1117420.709	384.540
2459292.089660879	18	3	2021	14	9	6.700	2501053.488	1117420.595	384.539
2459292.089662222	18	3	2021	14	9	6.816	2501054.272	1117420.355	384.546
2459292.089662997	18	3	2021	14	9	6.883	2501054.677	1117420.236	384.564
2459292.089663819	18	3	2021	14	9	6.954	2501055.464	1117420.004	384.548
2459292.089664792	18	3	2021	14	9	7.038	2501055.871	1117419.887	384.553
2459292.089665521	18	3	2021	14	9	7.101	2501056.252	1117419.770	384.550
2459292.089666076	18	3	2021	14	9	7.149	2501056.652	1117419.637	384.556
2459292.089666666	18	3	2021	14	9	7.200	2501057.084	1117419.510	384.558
2459292.089667210	18	3	2021	14	9	7.247	2501057.474	1117419.385	384.564
2459292.089668021	18	3	2021	14	9	7.317	2501057.870	1117419.267	384.566
2459292.089668576	18	3	2021	14	9	7.365	2501058.263	1117419.139	384.570
2459292.089669201	18	3	2021	14	9	7.419	2501058.675	1117419.019	384.573
2459292.089669745	18	3	2021	14	9	7.466	2501059.076	1117418.891	384.572
2459292.089670474	18	3	2021	14	9	7.529	2501059.482	1117418.767	384.574
2459292.089670938	18	3	2021	14	9	7.569	2501059.916	1117418.642	384.576
2459292.089671667	18	3	2021	14	9	7.632	2501060.325	1117418.514	384.581
2459292.089672315	18	3	2021	14	9	7.688	2501060.733	1117418.397	384.581
2459292.089672882	18	3	2021	14	9	7.737	2501061.152	1117418.270	384.585
2459292.089673437	18	3	2021	14	9	7.785	2501061.542	1117418.153	384.585
2459292.089673993	18	3	2021	14	9	7.833	2501061.955	1117418.033	384.583
2459292.089674977	18	3	2021	14	9	7.918	2501062.765	1117417.797	384.588
2459292.089675752	18	3	2021	14	9	7.985	2501063.196	1117417.667	384.589
2459292.089676527	18	3	2021	14	9	8.052	2501063.613	1117417.540	384.592
2459292.089677106	18	3	2021	14	9	8.102	2501063.991	1117417.428	384.594
2459292.089677685	18	3	2021	14	9	8.152	2501064.409	1117417.307	384.598
2459292.089678240	18	3	2021	14	9	8.200	2501064.822	1117417.173	384.598
2459292.089678784	18	3	2021	14	9	8.247	2501065.222	1117417.058	384.598
2459292.089679352	18	3	2021	14	9	8.296	2501065.619	1117416.929	384.599
2459292.089679976	18	3	2021	14	9	8.350	2501066.052	1117416.807	384.601
2459292.089680752	18	3	2021	14	9	8.417	2501066.850	1117416.559	384.606
2459292.089681724	18	3	2021	14	9	8.501	2501067.654	1117416.315	384.613
2459292.089683067	18	3	2021	14	9	8.617	2501068.061	1117416.194	384.613
2459292.089683657	18	3	2021	14	9	8.668	2501068.478	1117416.068	384.614
2459292.089684236	18	3	2021	14	9	8.718	2501068.902	1117415.941	384.621
2459292.089684803	18	3	2021	14	9	8.767	2501069.317	1117415.812	384.623
2459292.089685416	18	3	2021	14	9	8.820	2501069.718	1117415.696	384.624
2459292.089685983	18	3	2021	14	9	8.869	2501070.136	1117415.574	384.631
2459292.089686574	18	3	2021	14	9	8.920	2501070.554	1117415.450	384.632
2459292.089687141	18	3	2021	14	9	8.969	2501070.958	1117415.330	384.633
2459292.089687731	18	3	2021	14	9	9.020	2501071.390	1117415.205	384.640
2459292.089688310	18	3	2021	14	9	9.070	2501071.794	1117415.085	384.639
2459292.089689085	18	3	2021	14	9	9.137	2501072.230	1117414.952	384.643
2459292.089689618	18	3	2021	14	9	9.183	2501072.640	1117414.829	384.650
2459292.089690173	18	3	2021	14	9	9.231	2501073.052	1117414.701	384.654
2459292.089690937	18	3	2021	14	9	9.297	2501073.482	1117414.572	384.657
2459292.089691585	18	3	2021	14	9	9.353	2501074.310	1117414.321	384.664
2459292.089692500	18	3	2021	14	9	9.432	2501074.741	1117414.187	384.670
2459292.089693229	18	3	2021	14	9	9.495	2501075.180	1117414.065	384.680
2459292.089693773	18	3	2021	14	9	9.542	2501075.585	1117413.938	384.679
2459292.089694444	18	3	2021	14	9	9.600	2501075.998	1117413.819	384.681
2459292.089695023	18	3	2021	14	9	9.650	2501076.431	1117413.694	384.689
2459292.089695567	18	3	2021	14	9	9.697	2501076.844	1117413.575	384.692
2459292.089696157	18	3	2021	14	9	9.748	2501077.254	1117413.458	384.682
2459292.089696956	18	3	2021	14	9	9.817	2501078.071	1117413.218	384.702
2459292.089697917	18	3	2021	14	9	9.900	2501078.498	1117413.098	384.706
2459292.089698472	18	3	2021	14	9	9.948	2501079.311	1117412.859	384.715
2459292.089699618	18	3	2021	14	9	10.047	2501080.138	1117412.617	384.724
2459292.089700602	18	3	2021	14	9	10.132	2501080.528	1117412.505	384.729
2459292.089701215	18	3	2021	14	9	10.185	2501080.956	1117412.381	384.723
2459292.089701747	18	3	2021	14	9	10.231	2501081.356	1117412.256	384.737
2459292.089702361	18	3	2021	14	9	10.284	2501081.759	1117412.137	384.740
2459292.089702939	18	3	2021	14	9	10.334	2501082.196	1117412.007	384.743
2459292.089703518	18	3	2021	14	9	10.384	2501082.606	1117411.879	384.745
2459292.089704120	18	3	2021	14	9	10.436	2501082.992	1117411.776	384.751
2459292.089704676	18	3	2021	14	9	10.484	2501083.421	1117411.651	384.755
2459292.089705243	18	3	2021	14	9	10.533	2501083.843	1117411.521	384.760
2459292.089705844	18	3	2021	14	9	10.585	2501084.280	1117411.388	384.765
2459292.089706400	18	3	2021	14	9	10.633	2501084.677	1117411.274	384.772
2459292.089706967	18	3	2021	14	9	10.682	2501085.115	1117411.149	384.777
2459292.089707789	18	3	2021	14	9	10.753	2501085.974	1117410.899	384.789
2459292.089708553	18	3	2021	14	9	10.819	2501086.381	1117410.786	384.789
2459292.089709120	18	3	2021	14	9	10.868	2501087.214	1117410.547	384.802
2459292.089710115	18	3	2021	14	9	10.954	2501087.599	1117410.441	384.806
2459292.089710648	18	3	2021	14	9	11.000	2501088.410	1117410.211	384.821
2459292.089711817	18	3	2021	14	9	11.101	2501088.801	1117410.091	384.825
2459292.089712419	18	3	2021	14	9	11.153	2501089.602	1117409.867	384.835
2459292.089713379	18	3	2021	14	9	11.236	2501090.045	1117409.739	384.840
2459292.089713923	18	3	2021	14	9	11.283	2501090.453	1117409.618	384.842
2459292.089714479	18	3	2021	14	9	11.331	2501090.842	1117409.500	384.857
2459292.089715046	18	3	2021	14	9	11.380	2501091.234	1117409.386	384.858
2459292.089715636	18	3	2021	14	9	11.431	2501091.647	1117409.269	384.862
2459292.089716180	18	3	2021	14	9	11.478	2501092.053	1117409.149	384.870
2459292.089716805	18	3	2021	14	9	11.532	2501092.472	1117409.028	384.879
2459292.089717361	18	3	2021	14	9	11.580	2501092.865	1117408.920	384.887
2459292.089717962	18	3	2021	14	9	11.632	2501093.245	1117408.812	384.891
2459292.089718506	18	3	2021	14	9	11.679	2501093.673	1117408.692	384.899
2459292.089719340	18	3	2021	14	9	11.751	2501094.831	1117408.359	384.914
2459292.089720277	18	3	2021	14	9	11.832	2501095.234	1117408.249	384.915
2459292.089720868	18	3	2021	14	9	11.883	2501095.643	1117408.148	384.935
2459292.089721631	18	3	2021	14	9	11.949	2501096.431	1117407.909	384.934
2459292.089722604	18	3	2021	14	9	12.033	2501097.194	1117407.683	384.944
2459292.089723182	18	3	2021	14	9	12.083	2501097.587	1117407.570	384.946
2459292.089723715	18	3	2021	14	9	12.129	2501097.961	1117407.463	384.952
2459292.089724363	18	3	2021	14	9	12.185	2501098.329	1117407.362	384.956
2459292.089724895	18	3	2021	14	9	12.231	2501098.696	1117407.243	384.964
2459292.089725451	18	3	2021	14	9	12.279	2501099.099	1117407.119	384.969
2459292.089726029	18	3	2021	14	9	12.329	2501099.485	1117407.010	384.974
2459292.089726654	18	3	2021	14	9	12.383	2501100.228	1117406.794	384.985
2459292.089727222	18	3	2021	14	9	12.432	2501100.610	1117406.679	384.989
2459292.089727916	18	3	2021	14	9	12.492	2501100.981	1117406.574	384.999
2459292.089728460	18	3	2021	14	9	12.539	2501101.348	1117406.471	385.002
2459292.089728992	18	3	2021	14	9	12.585	2501101.711	1117406.363	385.005
2459292.089729525	18	3	2021	14	9	12.631	2501102.438	1117406.150	385.020
2459292.089730254	18	3	2021	14	9	12.694	2501103.169	1117405.955	385.035
2459292.089731296	18	3	2021	14	9	12.784	2501103.545	1117405.837	385.041
2459292.089731874	18	3	2021	14	9	12.834	2501103.901	1117405.734	385.044
2459292.089732650	18	3	2021	14	9	12.901	2501104.987	1117405.423	385.061
2459292.089733610	18	3	2021	14	9	12.984	2501106.094	1117405.115	385.080
2459292.089734965	18	3	2021	14	9	13.101	2501106.808	1117404.906	385.082
2459292.089735937	18	3	2021	14	9	13.185	2501107.190	1117404.802	385.090
2459292.089736469	18	3	2021	14	9	13.231	2501107.531	1117404.703	385.100
2459292.089737083	18	3	2021	14	9	13.284	2501107.921	1117404.591	385.103
2459292.089737858	18	3	2021	14	9	13.351	2501109.003	1117404.278	385.121
2459292.089738807	18	3	2021	14	9	13.433	2501109.360	1117404.163	385.123
2459292.089739386	18	3	2021	14	9	13.483	2501109.738	1117404.068	385.121
2459292.089739942	18	3	2021	14	9	13.531	2501110.109	1117403.962	385.134
2459292.089740532	18	3	2021	14	9	13.582	2501110.445	1117403.863	385.137
2459292.089741099	18	3	2021	14	9	13.631	2501111.169	1117403.654	385.144
2459292.089741701	18	3	2021	14	9	13.683	2501111.527	1117403.558	385.150
2459292.089742256	18	3	2021	14	9	13.731	2501111.892	1117403.441	385.159
2459292.089742858	18	3	2021	14	9	13.783	2501112.409	1117403.296	385.169
2459292.089743703	18	3	2021	14	9	13.856	2501113.063	1117403.102	385.179
2459292.089744282	18	3	2021	14	9	13.906	2501113.690	1117402.918	385.188
2459292.089745173	18	3	2021	14	9	13.983	2501115.560	1117402.367	385.223
2459292.089747870	18	3	2021	14	9	14.216	2501116.205	1117402.183	385.240
2459292.089748460	18	3	2021	14	9	14.267	2501116.836	1117402.013	385.246
2459292.089749641	18	3	2021	14	9	14.369	2501117.449	1117401.837	385.253
2459292.089750220	18	3	2021	14	9	14.419	2501118.060	1117401.657	385.263
2459292.089750960	18	3	2021	14	9	14.483	2501119.327	1117401.301	385.276
2459292.089752685	18	3	2021	14	9	14.632	2501120.551	1117400.956	385.294
2459292.089754444	18	3	2021	14	9	14.784	2501121.193	1117400.778	385.305
2459292.089755219	18	3	2021	14	9	14.851	2501121.820	1117400.591	385.316
2459292.089755984	18	3	2021	14	9	14.917	2501122.412	1117400.422	385.328
2459292.089756759	18	3	2021	14	9	14.984	2501123.654	1117400.051	385.350
2459292.089758495	18	3	2021	14	9	15.134	2501124.266	1117399.873	385.362
2459292.089759259	18	3	2021	14	9	15.200	2501124.863	1117399.695	385.372
2459292.089760220	18	3	2021	14	9	15.283	2501125.459	1117399.519	385.390
2459292.089761215	18	3	2021	14	9	15.369	2501126.090	1117399.345	385.407
2459292.089761932	18	3	2021	14	9	15.431	2501126.689	1117399.173	385.422
2459292.089762754	18	3	2021	14	9	15.502	2501127.273	1117399.000	385.434
2459292.089763506	18	3	2021	14	9	15.567	2501127.892	1117398.827	385.449
2459292.089764247	18	3	2021	14	9	15.631	2501129.094	1117398.494	385.471
2459292.089766006	18	3	2021	14	9	15.783	2501129.676	1117398.331	385.482
2459292.089766782	18	3	2021	14	9	15.850	2501130.291	1117398.154	385.494
2459292.089767939	18	3	2021	14	9	15.950	2501130.875	1117397.993	385.510
2459292.089768518	18	3	2021	14	9	16.000	2501131.490	1117397.811	385.523
2459292.089769491	18	3	2021	14	9	16.084	2501132.085	1117397.636	385.535
2459292.089770046	18	3	2021	14	9	16.132	2501132.660	1117397.471	385.548
2459292.089771018	18	3	2021	14	9	16.216	2501133.224	1117397.310	385.558
2459292.089771990	18	3	2021	14	9	16.300	2501133.790	1117397.150	385.566
2459292.089772546	18	3	2021	14	9	16.348	2501134.343	1117396.994	385.579
2459292.089773333	18	3	2021	14	9	16.416	2501134.935	1117396.827	385.597
2459292.089774317	18	3	2021	14	9	16.501	2501135.498	1117396.658	385.607
2459292.089774884	18	3	2021	14	9	16.550	2501136.053	1117396.508	385.622
2459292.089775868	18	3	2021	14	9	16.635	2501137.133	1117396.192	385.648
2459292.089777407	18	3	2021	14	9	16.768	2501137.654	1117396.045	385.657
2459292.089778368	18	3	2021	14	9	16.851	2501138.170	1117395.894	385.673
2459292.089778958	18	3	2021	14	9	16.902	2501138.689	1117395.741	385.683
2459292.089779919	18	3	2021	14	9	16.985	2501139.223	1117395.588	385.697
2459292.089780706	18	3	2021	14	9	17.053	2501139.733	1117395.445	385.710
2459292.089781470	18	3	2021	14	9	17.119	2501140.244	1117395.301	385.723
2459292.089782407	18	3	2021	14	9	17.200	2501140.727	1117395.159	385.736
2459292.089782986	18	3	2021	14	9	17.250	2501141.247	1117395.007	385.746
2459292.089783958	18	3	2021	14	9	17.334	2501141.738	1117394.866	385.761
2459292.089784514	18	3	2021	14	9	17.382	2501142.245	1117394.715	385.769
2459292.089785463	18	3	2021	14	9	17.464	2501142.736	1117394.576	385.782
2459292.089786064	18	3	2021	14	9	17.516	2501143.238	1117394.430	385.792
2459292.089786863	18	3	2021	14	9	17.585	2501143.711	1117394.298	385.801
2459292.089787766	18	3	2021	14	9	17.663	2501144.205	1117394.157	385.812
2459292.089788310	18	3	2021	14	9	17.710	2501144.674	1117394.017	385.821
2459292.089789178	18	3	2021	14	9	17.785	2501145.189	1117393.875	385.837
2459292.089790116	18	3	2021	14	9	17.866	2501145.634	1117393.743	385.849
2459292.089790694	18	3	2021	14	9	17.916	2501146.120	1117393.603	385.865
2459292.089791666	18	3	2021	14	9	18.000	2501146.606	1117393.469	385.873
2459292.089792233	18	3	2021	14	9	18.049	2501147.051	1117393.337	385.886
2459292.089793020	18	3	2021	14	9	18.117	2501147.525	1117393.205	385.901
2459292.089793807	18	3	2021	14	9	18.185	2501147.976	1117393.072	385.914
2459292.089794525	18	3	2021	14	9	18.247	2501148.449	1117392.941	385.927
2459292.089795347	18	3	2021	14	9	18.318	2501148.907	1117392.809	385.943
2459292.089796111	18	3	2021	14	9	18.384	2501149.344	1117392.689	385.955
2459292.089796689	18	3	2021	14	9	18.434	2501149.793	1117392.556	385.967
2459292.089797453	18	3	2021	14	9	18.500	2501150.229	1117392.431	385.981
2459292.089798252	18	3	2021	14	9	18.569	2501150.695	1117392.298	385.989
2459292.089799155	18	3	2021	14	9	18.647	2501153.647	1117391.446	386.077
2459292.089804004	18	3	2021	14	9	19.066	2501154.158	1117391.303	386.092
2459292.089804976	18	3	2021	14	9	19.150	2501154.591	1117391.177	386.103
2459292.089805555	18	3	2021	14	9	19.200	2501155.075	1117391.042	386.118
2459292.089806527	18	3	2021	14	9	19.284	2501155.457	1117390.929	386.128
2459292.089807094	18	3	2021	14	9	19.333	2501155.912	1117390.802	386.143
2459292.089807870	18	3	2021	14	9	19.400	2501156.321	1117390.686	386.155
2459292.089808657	18	3	2021	14	9	19.468	2501156.744	1117390.565	386.168
2459292.089809421	18	3	2021	14	9	19.534	2501157.162	1117390.441	386.181
2459292.089810011	18	3	2021	14	9	19.585	2501157.581	1117390.323	386.192
2459292.089810926	18	3	2021	14	9	19.664	2501158.018	1117390.195	386.207
2459292.089811539	18	3	2021	14	9	19.717	2501158.424	1117390.078	386.218
2459292.089812326	18	3	2021	14	9	19.785	2501158.840	1117389.958	386.232
2459292.089813286	18	3	2021	14	9	19.868	2501159.681	1117389.714	386.254
2459292.089814814	18	3	2021	14	9	20.000	2501160.515	1117389.476	386.277
2459292.089816168	18	3	2021	14	9	20.117	2501160.931	1117389.353	386.289
2459292.089816712	18	3	2021	14	9	20.164	2501161.351	1117389.238	386.297
2459292.089817661	18	3	2021	14	9	20.246	2501161.754	1117389.123	386.308
2459292.089818205	18	3	2021	14	9	20.293	2501162.163	1117389.009	386.319
2459292.089819085	18	3	2021	14	9	20.369	2501162.578	1117388.892	386.329
2459292.089867662	18	3	2021	14	9	24.566	2501187.147	1117381.842	387.083
2459292.089870752	18	3	2021	14	9	24.833	2501187.397	1117381.776	387.091
2459292.089871481	18	3	2021	14	9	24.896	2501188.125	1117381.566	387.115
2459292.089873264	18	3	2021	14	9	25.050	2501188.350	1117381.503	387.125
2459292.089873831	18	3	2021	14	9	25.099	2501188.585	1117381.434	387.132
2459292.089874791	18	3	2021	14	9	25.182	2501189.041	1117381.306	387.146
2459292.089875821	18	3	2021	14	9	25.271	2501189.282	1117381.235	387.156
2459292.089876550	18	3	2021	14	9	25.334	2501189.508	1117381.169	387.161
2459292.089877071	18	3	2021	14	9	25.379	2501189.715	1117381.116	387.168
2459292.089877708	18	3	2021	14	9	25.434	2501189.927	1117381.051	387.177
2459292.089878263	18	3	2021	14	9	25.482	2501190.141	1117380.987	387.184
2459292.089879004	18	3	2021	14	9	25.546	2501190.347	1117380.928	387.188
2459292.089879629	18	3	2021	14	9	25.600	2501190.551	1117380.866	387.197
2459292.089880185	18	3	2021	14	9	25.648	2501190.756	1117380.808	387.204
2459292.089881064	18	3	2021	14	9	25.724	2501190.957	1117380.746	387.209
2459292.089881226	18	3	2021	14	9	25.738	2501191.350	1117380.634	387.223
2459292.089882558	18	3	2021	14	9	25.853	2501191.548	1117380.577	387.231
2459292.089883356	18	3	2021	14	9	25.922	2501191.725	1117380.528	387.236
2459292.089883865	18	3	2021	14	9	25.966	2501191.920	1117380.471	387.241
2459292.089884467	18	3	2021	14	9	26.018	2501192.100	1117380.419	387.249
2459292.089885046	18	3	2021	14	9	26.068	2501192.286	1117380.368	387.253
2459292.089885810	18	3	2021	14	9	26.134	2501192.465	1117380.318	387.259
2459292.089886400	18	3	2021	14	9	26.185	2501192.640	1117380.266	387.264
2459292.089886955	18	3	2021	14	9	26.233	2501192.809	1117380.221	387.269
2459292.089887534	18	3	2021	14	9	26.283	2501192.989	1117380.168	387.277
2459292.089888275	18	3	2021	14	9	26.347	2501193.150	1117380.125	387.282
2459292.089889085	18	3	2021	14	9	26.417	2501193.482	1117380.028	387.291
2459292.089890069	18	3	2021	14	9	26.502	2501193.637	1117379.985	387.298
2459292.089890821	18	3	2021	14	9	26.567	2501193.791	1117379.940	387.302
2459292.089891389	18	3	2021	14	9	26.616	2501194.089	1117379.857	387.313
2459292.089892742	18	3	2021	14	9	26.733	2501194.528	1117379.731	387.327
2459292.089894479	18	3	2021	14	9	26.883	2501194.672	1117379.692	387.331
2459292.089895023	18	3	2021	14	9	26.930	2501194.812	1117379.649	387.335
2459292.089895647	18	3	2021	14	9	26.984	2501195.099	1117379.569	387.345
2459292.089896979	18	3	2021	14	9	27.099	2501195.234	1117379.529	387.351
2459292.089897789	18	3	2021	14	9	27.169	2501195.374	1117379.489	387.355
2459292.089898333	18	3	2021	14	9	27.216	2501195.506	1117379.452	387.359
2459292.089899166	18	3	2021	14	9	27.288	2501195.640	1117379.414	387.363
2459292.089899745	18	3	2021	14	9	27.338	2501195.774	1117379.376	387.368
2459292.089900277	18	3	2021	14	9	27.384	2501195.901	1117379.337	387.372
2459292.089900925	18	3	2021	14	9	27.440	2501196.033	1117379.301	387.376
2459292.089901481	18	3	2021	14	9	27.488	2501196.160	1117379.263	387.380
2459292.089902407	18	3	2021	14	9	27.568	2501196.406	1117379.195	387.390
2459292.089903437	18	3	2021	14	9	27.657	2501196.647	1117379.125	387.397
2459292.089904525	18	3	2021	14	9	27.751	2501196.770	1117379.088	387.401
2459292.089905300	18	3	2021	14	9	27.818	2501196.886	1117379.055	387.405
2459292.089906064	18	3	2021	14	9	27.884	2501197.010	1117379.020	387.410
2459292.089906631	18	3	2021	14	9	27.933	2501197.238	1117378.953	387.417
2459292.089907603	18	3	2021	14	9	28.017	2501197.353	1117378.922	387.421
2459292.089908379	18	3	2021	14	9	28.084	2501197.472	1117378.887	387.425
2459292.089909166	18	3	2021	14	9	28.152	2501197.696	1117378.824	387.433
2459292.089910486	18	3	2021	14	9	28.266	2501197.920	1117378.756	387.440
2459292.089911469	18	3	2021	14	9	28.351	2501198.029	1117378.727	387.445
2459292.089912233	18	3	2021	14	9	28.417	2501198.139	1117378.694	387.447
2459292.089913402	18	3	2021	14	9	28.518	2501198.354	1117378.634	387.455
2459292.089914178	18	3	2021	14	9	28.585	2501198.461	1117378.603	387.459
2459292.089914768	18	3	2021	14	9	28.636	2501198.564	1117378.571	387.462
2459292.089915301	18	3	2021	14	9	28.682	2501198.663	1117378.544	387.467
2459292.089915891	18	3	2021	14	9	28.733	2501198.763	1117378.514	387.469
2459292.089916667	18	3	2021	14	9	28.800	2501198.863	1117378.486	387.472
2459292.089917210	18	3	2021	14	9	28.847	2501198.960	1117378.457	387.476
2459292.089917754	18	3	2021	14	9	28.894	2501199.055	1117378.431	387.479
2459292.089918333	18	3	2021	14	9	28.944	2501199.155	1117378.402	387.483
2459292.089918981	18	3	2021	14	9	29.000	2501199.354	1117378.346	387.488
2459292.089920335	18	3	2021	14	9	29.117	2501199.451	1117378.321	387.491
2459292.089921111	18	3	2021	14	9	29.184	2501199.646	1117378.261	387.499
2459292.089922268	18	3	2021	14	9	29.284	2501199.738	1117378.234	387.501
2459292.089922847	18	3	2021	14	9	29.334	2501199.833	1117378.208	387.505
2459292.089923426	18	3	2021	14	9	29.384	2501199.925	1117378.179	387.508
2459292.089924155	18	3	2021	14	9	29.447	2501200.017	1117378.154	387.511
2459292.089924699	18	3	2021	14	9	29.494	2501200.201	1117378.101	387.518
2459292.089925926	18	3	2021	14	9	29.600	2501200.287	1117378.075	387.522
2459292.089926470	18	3	2021	14	9	29.647	2501200.377	1117378.050	387.525
2459292.089927465	18	3	2021	14	9	29.733	2501200.550	1117378.001	387.531
2459292.089928611	18	3	2021	14	9	29.832	2501200.712	1117377.955	387.535
2459292.089929768	18	3	2021	14	9	29.932	2501200.873	1117377.908	387.542
2459292.089930740	18	3	2021	14	9	30.016	2501200.949	1117377.886	387.544
2459292.089931528	18	3	2021	14	9	30.084	2501201.033	1117377.861	387.549
2459292.089932291	18	3	2021	14	9	30.150	2501201.191	1117377.816	387.552
2459292.089933449	18	3	2021	14	9	30.250	2501201.271	1117377.793	387.554
2459292.089934224	18	3	2021	14	9	30.317	2501201.420	1117377.751	387.560
2459292.089935185	18	3	2021	14	9	30.400	2501201.493	1117377.728	387.562
2459292.089935972	18	3	2021	14	9	30.468	2501201.566	1117377.708	387.566
2459292.089936736	18	3	2021	14	9	30.534	2501201.832	1117377.632	387.575
2459292.089938866	18	3	2021	14	9	30.718	2501201.893	1117377.615	387.577
2459292.089939629	18	3	2021	14	9	30.784	2501201.956	1117377.599	387.579
2459292.089940208	18	3	2021	14	9	30.834	2501202.017	1117377.581	387.579
2459292.089940995	18	3	2021	14	9	30.902	2501202.133	1117377.550	387.585
2459292.089941944	18	3	2021	14	9	30.984	2501202.190	1117377.533	387.586
2459292.089942546	18	3	2021	14	9	31.036	2501202.243	1117377.517	387.590
2459292.089943495	18	3	2021	14	9	31.118	2501202.346	1117377.489	387.591
2459292.089945231	18	3	2021	14	9	31.268	2501202.395	1117377.474	387.595
2459292.089945960	18	3	2021	14	9	31.331	2501202.486	1117377.447	387.598
2459292.089946389	18	3	2021	14	9	31.368	2501202.531	1117377.433	387.600
2459292.089946933	18	3	2021	14	9	31.415	2501202.575	1117377.422	387.600
2459292.089947465	18	3	2021	14	9	31.461	2501202.693	1117377.390	387.603
2459292.089949456	18	3	2021	14	9	31.633	2501202.759	1117377.372	387.606
2459292.089950613	18	3	2021	14	9	31.733	2501202.789	1117377.365	387.606
2459292.089951389	18	3	2021	14	9	31.800	2501202.841	1117377.353	387.608
2459292.089952338	18	3	2021	14	9	31.882	2501202.863	1117377.346	387.608
2459292.089952928	18	3	2021	14	9	31.933	2501202.883	1117377.342	387.609
2459292.089953518	18	3	2021	14	9	31.984	2501202.914	1117377.333	387.610
2459292.089954884	18	3	2021	14	9	32.102	2501202.926	1117377.328	387.611
2459292.089955474	18	3	2021	14	9	32.153	2501202.935	1117377.324	387.611
2459292.089956018	18	3	2021	14	9	32.200	2501202.946	1117377.321	387.612
2459292.089957199	18	3	2021	14	9	32.302	2501202.947	1117377.319	387.612
2459292.089957743	18	3	2021	14	9	32.349	2501202.947	1117377.319	387.612
2459292.089958715	18	3	2021	14	9	32.433	2501202.940	1117377.323	387.612
2459292.089959467	18	3	2021	14	9	32.498	2501202.935	1117377.323	387.612
2459292.089960115	18	3	2021	14	9	32.554	2501202.929	1117377.322	387.611
2459292.089961087	18	3	2021	14	9	32.638	2501202.918	1117377.322	387.612
2459292.089962060	18	3	2021	14	9	32.722	2501202.913	1117377.324	387.611
2459292.089962604	18	3	2021	14	9	32.769	2501202.907	1117377.324	387.612
2459292.089963147	18	3	2021	14	9	32.816	2501202.903	1117377.320	387.612
2459292.089963958	18	3	2021	14	9	32.886	2501202.896	1117377.319	387.614
2459292.089964896	18	3	2021	14	9	32.967	2501202.893	1117377.319	387.613
2459292.089966447	18	3	2021	14	9	33.101	2501202.894	1117377.320	387.612
2459292.089967407	18	3	2021	14	9	33.184	2501202.898	1117377.323	387.613
2459292.089969143	18	3	2021	14	9	33.334	2501202.898	1117377.324	387.613
2459292.089969907	18	3	2021	14	9	33.400	2501202.897	1117377.325	387.613
2459292.089971065	18	3	2021	14	9	33.500	2501202.896	1117377.325	387.614
2459292.089971677	18	3	2021	14	9	33.553	2501202.896	1117377.323	387.613
2459292.089973032	18	3	2021	14	9	33.670	2501202.896	1117377.321	387.613
2459292.089973993	18	3	2021	14	9	33.753	2501202.896	1117377.320	387.612
2459292.089974537	18	3	2021	14	9	33.800	2501202.897	1117377.322	387.614
2459292.089975104	18	3	2021	14	9	33.849	2501202.896	1117377.319	387.613
2459292.089975671	18	3	2021	14	9	33.898	2501202.896	1117377.321	387.612
2459292.089976400	18	3	2021	14	9	33.961	2501202.896	1117377.322	387.615
2459292.089976851	18	3	2021	14	9	34.000	2501202.896	1117377.322	387.613
2459292.089977789	18	3	2021	14	9	34.081	2501202.897	1117377.323	387.613
2459292.089978992	18	3	2021	14	9	34.185	2501202.898	1117377.326	387.611
2459292.089979965	18	3	2021	14	9	34.269	2501202.897	1117377.323	387.613
2459292.089980937	18	3	2021	14	9	34.353	2501202.897	1117377.325	387.612
2459292.089981932	18	3	2021	14	9	34.439	2501202.896	1117377.322	387.612
2459292.089983217	18	3	2021	14	9	34.550	2501202.896	1117377.321	387.613
2459292.089984166	18	3	2021	14	9	34.632	2501202.896	1117377.321	387.612
2459292.089984756	18	3	2021	14	9	34.683	2501202.896	1117377.320	387.613
2459292.089985347	18	3	2021	14	9	34.734	2501202.896	1117377.321	387.613
2459292.089986111	18	3	2021	14	9	34.800	2501202.896	1117377.322	387.613
2459292.089987280	18	3	2021	14	9	34.901	2501202.897	1117377.324	387.612
2459292.089987881	18	3	2021	14	9	34.953	2501202.896	1117377.320	387.612
2459292.089988784	18	3	2021	14	9	35.031	2501202.896	1117377.321	387.613
2459292.089989803	18	3	2021	14	9	35.119	2501202.895	1117377.319	387.615
2459292.089990381	18	3	2021	14	9	35.169	2501202.896	1117377.320	387.612
2459292.089991516	18	3	2021	14	9	35.267	2501202.896	1117377.320	387.613
2459292.089992048	18	3	2021	14	9	35.313	2501202.895	1117377.319	387.613
2459292.089992870	18	3	2021	14	9	35.384	2501202.895	1117377.320	387.613
2459292.089994224	18	3	2021	14	9	35.501	2501202.895	1117377.319	387.613
2459292.089995197	18	3	2021	14	9	35.585	2501202.895	1117377.319	387.614
2459292.089995763	18	3	2021	14	9	35.634	2501202.895	1117377.320	387.613
2459292.089996342	18	3	2021	14	9	35.684	2501202.895	1117377.320	387.613
2459292.089996921	18	3	2021	14	9	35.734	2501202.895	1117377.319	387.614
2459292.089997500	18	3	2021	14	9	35.784	2501202.895	1117377.318	387.613
2459292.089998101	18	3	2021	14	9	35.836	2501202.896	1117377.320	387.614
2459292.089998680	18	3	2021	14	9	35.886	2501202.895	1117377.319	387.614
2459292.089999421	18	3	2021	14	9	35.950	2501202.895	1117377.320	387.616
2459292.090000382	18	3	2021	14	9	36.033	2501202.895	1117377.319	387.614
2459292.090001157	18	3	2021	14	9	36.100	2501202.894	1117377.317	387.615
2459292.090002315	18	3	2021	14	9	36.200	2501202.894	1117377.317	387.615
2459292.090002847	18	3	2021	14	9	36.246	2501202.895	1117377.319	387.614
2459292.090003461	18	3	2021	14	9	36.299	2501202.895	1117377.319	387.614
2459292.090004051	18	3	2021	14	9	36.350	2501202.895	1117377.317	387.615
2459292.090005000	18	3	2021	14	9	36.432	2501202.894	1117377.316	387.614
2459292.090005972	18	3	2021	14	9	36.516	2501202.895	1117377.319	387.616
2459292.090007141	18	3	2021	14	9	36.617	2501202.894	1117377.315	387.615
2459292.090007708	18	3	2021	14	9	36.666	2501202.894	1117377.317	387.615
2459292.090008495	18	3	2021	14	9	36.734	2501202.894	1117377.316	387.615
2459292.090009074	18	3	2021	14	9	36.784	2501202.894	1117377.318	387.617
2459292.090009618	18	3	2021	14	9	36.831	2501202.895	1117377.321	387.615
2459292.090010220	18	3	2021	14	9	36.883	2501202.894	1117377.315	387.614
2459292.090011030	18	3	2021	14	9	36.953	2501202.895	1117377.319	387.613
2459292.090011979	18	3	2021	14	9	37.035	2501202.894	1117377.318	387.613
2459292.090012511	18	3	2021	14	9	37.081	2501202.894	1117377.318	387.615
2459292.090013148	18	3	2021	14	9	37.136	2501202.894	1117377.317	387.613
2459292.090013889	18	3	2021	14	9	37.200	2501202.894	1117377.318	387.615
2459292.090015046	18	3	2021	14	9	37.300	2501202.893	1117377.315	387.614
2459292.090016203	18	3	2021	14	9	37.400	2501202.893	1117377.312	387.616
2459292.090016782	18	3	2021	14	9	37.450	2501202.894	1117377.317	387.612
2459292.090017326	18	3	2021	14	9	37.497	2501202.894	1117377.317	387.613
2459292.090017962	18	3	2021	14	9	37.552	2501202.894	1117377.315	387.613
2459292.090018946	18	3	2021	14	9	37.637	2501202.894	1117377.319	387.612
2459292.090019942	18	3	2021	14	9	37.723	2501202.894	1117377.319	387.615
2459292.090020289	18	3	2021	14	9	37.753	2501202.894	1117377.318	387.611
2459292.090021076	18	3	2021	14	9	37.821	2501202.895	1117377.321	387.614
2459292.090022245	18	3	2021	14	9	37.922	2501202.895	1117377.320	387.612
2459292.090022789	18	3	2021	14	9	37.969	2501202.893	1117377.315	387.613
2459292.090023379	18	3	2021	14	9	38.020	2501202.895	1117377.322	387.613
2459292.090024548	18	3	2021	14	9	38.121	2501202.894	1117377.319	387.614
2459292.090025081	18	3	2021	14	9	38.167	2501202.893	1117377.316	387.615
2459292.090025845	18	3	2021	14	9	38.233	2501202.894	1117377.317	387.613
2459292.090026389	18	3	2021	14	9	38.280	2501202.894	1117377.320	387.614
2459292.090026933	18	3	2021	14	9	38.327	2501202.894	1117377.318	387.613
2459292.090027581	18	3	2021	14	9	38.383	2501202.894	1117377.318	387.613
2459292.090028183	18	3	2021	14	9	38.435	2501202.895	1117377.320	387.613
2459292.090028784	18	3	2021	14	9	38.487	2501202.895	1117377.321	387.613
2459292.090029363	18	3	2021	14	9	38.537	2501202.895	1117377.322	387.612
2459292.090029861	18	3	2021	14	9	38.580	2501202.895	1117377.321	387.613
2459292.090030440	18	3	2021	14	9	38.630	2501202.895	1117377.321	387.613
2459292.090031053	18	3	2021	14	9	38.683	2501202.895	1117377.323	387.613
2459292.090031632	18	3	2021	14	9	38.733	2501202.894	1117377.321	387.613
2459292.090032604	18	3	2021	14	9	38.817	2501202.894	1117377.320	387.615
2459292.090033576	18	3	2021	14	9	38.901	2501202.894	1117377.320	387.614
2459292.090034178	18	3	2021	14	9	38.953	2501202.893	1117377.316	387.614
2459292.090035081	18	3	2021	14	9	39.031	2501202.893	1117377.316	387.614
2459292.090035995	18	3	2021	14	9	39.110	2501202.894	1117377.319	387.615
2459292.090036655	18	3	2021	14	9	39.167	2501202.894	1117377.320	387.616
2459292.090037222	18	3	2021	14	9	39.216	2501202.895	1117377.321	387.613
2459292.090037766	18	3	2021	14	9	39.263	2501202.894	1117377.319	387.616
2459292.090038426	18	3	2021	14	9	39.320	2501202.894	1117377.317	387.616
2459292.090038992	18	3	2021	14	9	39.369	2501202.894	1117377.320	387.612
2459292.090039757	18	3	2021	14	9	39.435	2501202.894	1117377.319	387.615
2459292.090040914	18	3	2021	14	9	39.535	2501202.895	1117377.321	387.613
2459292.090041470	18	3	2021	14	9	39.583	2501202.894	1117377.319	387.615
2459292.090042025	18	3	2021	14	9	39.631	2501202.894	1117377.320	387.614
2459292.090042824	18	3	2021	14	9	39.700	2501202.894	1117377.321	387.616
2459292.090043808	18	3	2021	14	9	39.785	2501202.894	1117377.321	387.616
2459292.090044352	18	3	2021	14	9	39.832	2501202.894	1117377.320	387.615
2459292.090044907	18	3	2021	14	9	39.880	2501202.894	1117377.321	387.614
2459292.090045532	18	3	2021	14	9	39.934	2501202.895	1117377.322	387.613
2459292.090046122	18	3	2021	14	9	39.985	2501202.894	1117377.319	387.617
2459292.090046666	18	3	2021	14	9	40.032	2501202.894	1117377.318	387.614
2459292.090047488	18	3	2021	14	9	40.103	2501202.894	1117377.320	387.612
2459292.090048067	18	3	2021	14	9	40.153	2501202.895	1117377.321	387.615
2459292.090049236	18	3	2021	14	9	40.254	2501202.894	1117377.318	387.616
2459292.090050382	18	3	2021	14	9	40.353	2501202.894	1117377.318	387.614
2459292.090050926	18	3	2021	14	9	40.400	2501202.894	1117377.318	387.615
2459292.090051528	18	3	2021	14	9	40.452	2501202.894	1117377.318	387.614
2459292.090052095	18	3	2021	14	9	40.501	2501202.894	1117377.318	387.613
2459292.090052685	18	3	2021	14	9	40.552	2501202.894	1117377.317	387.614
2459292.090053449	18	3	2021	14	9	40.618	2501202.894	1117377.319	387.614
2459292.090054004	18	3	2021	14	9	40.666	2501202.894	1117377.321	387.613
2459292.090054780	18	3	2021	14	9	40.733	2501202.894	1117377.318	387.615
2459292.090056134	18	3	2021	14	9	40.850	2501202.894	1117377.321	387.614
2459292.090057280	18	3	2021	14	9	40.949	2501202.893	1117377.317	387.613
2459292.090058263	18	3	2021	14	9	41.034	2501202.894	1117377.319	387.613
2459292.090058831	18	3	2021	14	9	41.083	2501202.894	1117377.318	387.614
2459292.090059652	18	3	2021	14	9	41.154	2501202.894	1117377.317	387.614
2459292.090060786	18	3	2021	14	9	41.252	2501202.894	1117377.319	387.615
2459292.090061713	18	3	2021	14	9	41.332	2501202.894	1117377.319	387.614
2459292.090062500	18	3	2021	14	9	41.400	2501202.894	1117377.320	387.614
2459292.090063553	18	3	2021	14	9	41.491	2501202.894	1117377.319	387.612
2459292.090064294	18	3	2021	14	9	41.555	2501202.894	1117377.319	387.616
2459292.090064814	18	3	2021	14	9	41.600	2501202.894	1117377.319	387.613
2459292.090065381	18	3	2021	14	9	41.649	2501202.894	1117377.319	387.615
2459292.090066585	18	3	2021	14	9	41.753	2501202.893	1117377.317	387.616
2459292.090067951	18	3	2021	14	9	41.871	2501202.893	1117377.316	387.618
2459292.090069073	18	3	2021	14	9	41.968	2501202.893	1117377.317	387.616
2459292.090069652	18	3	2021	14	9	42.018	2501202.894	1117377.318	387.615
2459292.090070231	18	3	2021	14	9	42.068	2501202.894	1117377.317	387.615
2459292.090070798	18	3	2021	14	9	42.117	2501202.894	1117377.319	387.613
2459292.090071377	18	3	2021	14	9	42.167	2501202.894	1117377.317	387.615
2459292.090072129	18	3	2021	14	9	42.232	2501202.894	1117377.319	387.613
2459292.090072719	18	3	2021	14	9	42.283	2501202.893	1117377.316	387.614
2459292.090073889	18	3	2021	14	9	42.384	2501202.894	1117377.318	387.611
2459292.090074433	18	3	2021	14	9	42.431	2501202.894	1117377.318	387.613
2459292.090075625	18	3	2021	14	9	42.534	2501202.894	1117377.317	387.613
2459292.090076203	18	3	2021	14	9	42.584	2501202.894	1117377.316	387.614
2459292.090076793	18	3	2021	14	9	42.635	2501202.894	1117377.319	387.613
2459292.090077558	18	3	2021	14	9	42.701	2501202.894	1117377.318	387.616
2459292.090078518	18	3	2021	14	9	42.784	2501202.894	1117377.320	387.612
2459292.090079247	18	3	2021	14	9	42.847	2501202.894	1117377.317	387.614
2459292.090079803	18	3	2021	14	9	42.895	2501202.893	1117377.316	387.614
2459292.090080428	18	3	2021	14	9	42.949	2501202.894	1117377.320	387.613
2459292.090081018	18	3	2021	14	9	43.000	2501202.894	1117377.320	387.614
2459292.090081597	18	3	2021	14	9	43.050	2501202.894	1117377.318	387.612
2459292.090082754	18	3	2021	14	9	43.150	2501202.894	1117377.320	387.614
2459292.090083576	18	3	2021	14	9	43.221	2501202.895	1117377.322	387.613
2459292.090084155	18	3	2021	14	9	43.271	2501202.894	1117377.317	387.612
2459292.090084722	18	3	2021	14	9	43.320	2501202.894	1117377.317	387.615
2459292.090085289	18	3	2021	14	9	43.369	2501202.894	1117377.319	387.614
2459292.090086088	18	3	2021	14	9	43.438	2501202.895	1117377.321	387.613
2459292.090086655	18	3	2021	14	9	43.487	2501202.895	1117377.321	387.614
2459292.090087234	18	3	2021	14	9	43.537	2501202.893	1117377.316	387.617
2459292.090087790	18	3	2021	14	9	43.585	2501202.894	1117377.319	387.615
2459292.090088947	18	3	2021	14	9	43.685	2501202.894	1117377.317	387.615
2459292.090089514	18	3	2021	14	9	43.734	2501202.894	1117377.318	387.616
2459292.090090093	18	3	2021	14	9	43.784	2501202.894	1117377.320	387.616
2459292.090090683	18	3	2021	14	9	43.835	2501202.895	1117377.321	387.615
2459292.090091238	18	3	2021	14	9	43.883	2501202.894	1117377.319	387.616
2459292.090091829	18	3	2021	14	9	43.934	2501202.894	1117377.318	387.614
2459292.090092592	18	3	2021	14	9	44.000	2501202.895	1117377.320	387.615
2459292.090093750	18	3	2021	14	9	44.100	2501202.894	1117377.320	387.615
2459292.090094525	18	3	2021	14	9	44.167	2501202.895	1117377.321	387.612
2459292.090095498	18	3	2021	14	9	44.251	2501202.894	1117377.318	387.617
2459292.090096076	18	3	2021	14	9	44.301	2501202.894	1117377.317	387.616
2459292.090096851	18	3	2021	14	9	44.368	2501202.895	1117377.322	387.614
2459292.090097986	18	3	2021	14	9	44.466	2501202.894	1117377.319	387.615
2459292.090099734	18	3	2021	14	9	44.617	2501202.894	1117377.320	387.614
2459292.090100289	18	3	2021	14	9	44.665	2501202.895	1117377.324	387.615
2459292.090102071	18	3	2021	14	9	44.819	2501202.894	1117377.319	387.612
2459292.090103009	18	3	2021	14	9	44.900	2501202.894	1117377.319	387.615
2459292.090103796	18	3	2021	14	9	44.968	2501202.894	1117377.319	387.616
2459292.090104942	18	3	2021	14	9	45.067	2501202.894	1117377.318	387.615
2459292.090105521	18	3	2021	14	9	45.117	2501202.894	1117377.317	387.615
2459292.090106088	18	3	2021	14	9	45.166	2501202.895	1117377.323	387.617
2459292.090106481	18	3	2021	14	9	45.200	2501202.895	1117377.321	387.615
2459292.090107025	18	3	2021	14	9	45.247	2501202.894	1117377.317	387.615
2459292.090107754	18	3	2021	14	9	45.310	2501202.894	1117377.318	387.614
2459292.090108437	18	3	2021	14	9	45.369	2501202.895	1117377.321	387.614
2459292.090109525	18	3	2021	14	9	45.463	2501202.895	1117377.321	387.616
2459292.090110243	18	3	2021	14	9	45.525	2501202.895	1117377.321	387.614
2459292.090110868	18	3	2021	14	9	45.579	2501202.895	1117377.321	387.616
2459292.090111493	18	3	2021	14	9	45.633	2501202.895	1117377.321	387.614
2459292.090112048	18	3	2021	14	9	45.681	2501202.894	1117377.319	387.613
2459292.090112639	18	3	2021	14	9	45.732	2501202.895	1117377.322	387.617
2459292.090113055	18	3	2021	14	9	45.768	2501202.894	1117377.320	387.614
2459292.090113842	18	3	2021	14	9	45.836	2501202.895	1117377.321	387.614
2459292.090114410	18	3	2021	14	9	45.885	2501202.895	1117377.321	387.616
2459292.090115197	18	3	2021	14	9	45.953	2501202.895	1117377.320	387.615
2459292.090116921	18	3	2021	14	9	46.102	2501202.895	1117377.321	387.615
2459292.090117511	18	3	2021	14	9	46.153	2501202.895	1117377.321	387.614
2459292.090119236	18	3	2021	14	9	46.302	2501202.895	1117377.323	387.615
2459292.090119791	18	3	2021	14	9	46.350	2501202.895	1117377.322	387.617
2459292.090120370	18	3	2021	14	9	46.400	2501202.895	1117377.321	387.613
2459292.090121007	18	3	2021	14	9	46.455	2501202.894	1117377.320	387.617
2459292.090122315	18	3	2021	14	9	46.568	2501202.894	1117377.319	387.615
2459292.090123286	18	3	2021	14	9	46.652	2501202.894	1117377.320	387.617
2459292.090123831	18	3	2021	14	9	46.699	2501202.894	1117377.320	387.617
2459292.090124409	18	3	2021	14	9	46.749	2501202.895	1117377.321	387.616
2459292.090125196	18	3	2021	14	9	46.817	2501202.895	1117377.321	387.615
2459292.090125775	18	3	2021	14	9	46.867	2501202.894	1117377.319	387.615
2459292.090126354	18	3	2021	14	9	46.917	2501202.895	1117377.323	387.614
2459292.090126933	18	3	2021	14	9	46.967	2501202.895	1117377.323	387.614
2459292.090127499	18	3	2021	14	9	47.016	2501202.895	1117377.323	387.615
2459292.090128078	18	3	2021	14	9	47.066	2501202.895	1117377.322	387.614
2459292.090128669	18	3	2021	14	9	47.117	2501202.895	1117377.321	387.613
2459292.090129271	18	3	2021	14	9	47.169	2501202.895	1117377.321	387.611
2459292.090130046	18	3	2021	14	9	47.236	2501202.895	1117377.322	387.612
2459292.090131018	18	3	2021	14	9	47.320	2501202.896	1117377.326	387.613
2459292.090131759	18	3	2021	14	9	47.384	2501202.895	1117377.320	387.614
2459292.090132338	18	3	2021	14	9	47.434	2501202.895	1117377.321	387.613
2459292.090132870	18	3	2021	14	9	47.480	2501202.895	1117377.323	387.613
2459292.090133703	18	3	2021	14	9	47.552	2501202.895	1117377.320	387.614
2459292.090134676	18	3	2021	14	9	47.636	2501202.895	1117377.322	387.613
2459292.090135439	18	3	2021	14	9	47.702	2501202.895	1117377.321	387.615
2459292.090136006	18	3	2021	14	9	47.751	2501202.895	1117377.321	387.614
2459292.090137361	18	3	2021	14	9	47.868	2501202.895	1117377.320	387.615
2459292.090138321	18	3	2021	14	9	47.951	2501202.895	1117377.319	387.615
2459292.090138888	18	3	2021	14	9	48.000	2501202.895	1117377.321	387.615
2459292.090140266	18	3	2021	14	9	48.119	2501202.895	1117377.321	387.615
2459292.090141203	18	3	2021	14	9	48.200	2501202.895	1117377.320	387.615
2459292.090141921	18	3	2021	14	9	48.262	2501202.895	1117377.322	387.614
2459292.090142777	18	3	2021	14	9	48.336	2501202.896	1117377.324	387.613
2459292.090144317	18	3	2021	14	9	48.469	2501202.894	1117377.319	387.614
2459292.090145463	18	3	2021	14	9	48.568	2501202.895	1117377.323	387.612
2459292.090146041	18	3	2021	14	9	48.618	2501202.895	1117377.323	387.613
2459292.090146817	18	3	2021	14	9	48.685	2501202.895	1117377.320	387.614
2459292.090147395	18	3	2021	14	9	48.735	2501202.894	1117377.319	387.613
2459292.090148148	18	3	2021	14	9	48.800	2501202.895	1117377.322	387.613
2459292.090149560	18	3	2021	14	9	48.922	2501202.895	1117377.321	387.615
2459292.090150462	18	3	2021	14	9	49.000	2501202.894	1117377.318	387.613
2459292.090151631	18	3	2021	14	9	49.101	2501202.894	1117377.319	387.614
2459292.090152175	18	3	2021	14	9	49.148	2501202.895	1117377.323	387.614
2459292.090152777	18	3	2021	14	9	49.200	2501202.895	1117377.320	387.615
2459292.090153310	18	3	2021	14	9	49.246	2501202.894	1117377.317	387.613
2459292.090154062	18	3	2021	14	9	49.311	2501202.895	1117377.321	387.615
2459292.090154664	18	3	2021	14	9	49.363	2501202.895	1117377.323	387.614
2459292.090155312	18	3	2021	14	9	49.419	2501202.895	1117377.321	387.614
2459292.090155879	18	3	2021	14	9	49.468	2501202.894	1117377.317	387.613
2459292.090156365	18	3	2021	14	9	49.510	2501202.895	1117377.322	387.614
2459292.090157765	18	3	2021	14	9	49.631	2501202.895	1117377.321	387.613
2459292.090158784	18	3	2021	14	9	49.719	2501202.894	1117377.319	387.614
2459292.090159328	18	3	2021	14	9	49.766	2501202.895	1117377.321	387.614
2459292.090160266	18	3	2021	14	9	49.847	2501202.895	1117377.322	387.614
2459292.090161238	18	3	2021	14	9	49.931	2501202.895	1117377.322	387.614
2459292.090161805	18	3	2021	14	9	49.980	2501202.895	1117377.321	387.613
2459292.090162395	18	3	2021	14	9	50.031	2501202.895	1117377.322	387.614
2459292.090162985	18	3	2021	14	9	50.082	2501202.895	1117377.322	387.613
2459292.090163575	18	3	2021	14	9	50.133	2501202.894	1117377.319	387.613
2459292.090164166	18	3	2021	14	9	50.184	2501202.895	1117377.322	387.615
2459292.090164721	18	3	2021	14	9	50.232	2501202.895	1117377.322	387.612
2459292.090165439	18	3	2021	14	9	50.294	2501202.895	1117377.320	387.613
2459292.090165972	18	3	2021	14	9	50.340	2501202.895	1117377.321	387.614
2459292.090166678	18	3	2021	14	9	50.401	2501202.895	1117377.322	387.612
2459292.090167291	18	3	2021	14	9	50.454	2501202.895	1117377.321	387.614
2459292.090168079	18	3	2021	14	9	50.522	2501202.895	1117377.320	387.612
2459292.090169190	18	3	2021	14	9	50.618	2501202.895	1117377.321	387.612
2459292.090169722	18	3	2021	14	9	50.664	2501202.896	1117377.325	387.614
2459292.090170301	18	3	2021	14	9	50.714	2501202.895	1117377.320	387.613
2459292.090171470	18	3	2021	14	9	50.815	2501202.895	1117377.320	387.614
2459292.090172060	18	3	2021	14	9	50.866	2501202.895	1117377.321	387.611
2459292.090172639	18	3	2021	14	9	50.916	2501202.895	1117377.321	387.613
2459292.090173252	18	3	2021	14	9	50.969	2501202.895	1117377.321	387.612
2459292.090173819	18	3	2021	14	9	51.018	2501202.896	1117377.324	387.610
2459292.090174398	18	3	2021	14	9	51.068	2501202.894	1117377.317	387.613
2459292.090174988	18	3	2021	14	9	51.119	2501202.894	1117377.318	387.613
2459292.090175556	18	3	2021	14	9	51.168	2501202.896	1117377.322	387.611
2459292.090176157	18	3	2021	14	9	51.220	2501202.895	1117377.323	387.613
2459292.090176748	18	3	2021	14	9	51.271	2501202.896	1117377.323	387.614
2459292.090177523	18	3	2021	14	9	51.338	2501202.895	1117377.320	387.612
2459292.090178055	18	3	2021	14	9	51.384	2501202.894	1117377.319	387.615
2459292.090178611	18	3	2021	14	9	51.432	2501202.895	1117377.321	387.614
2459292.090179387	18	3	2021	14	9	51.499	2501202.895	1117377.322	387.611
2459292.090179792	18	3	2021	14	9	51.534	2501202.895	1117377.321	387.615
2459292.090180358	18	3	2021	14	9	51.583	2501202.895	1117377.321	387.612
2459292.090180949	18	3	2021	14	9	51.634	2501202.896	1117377.323	387.613
2459292.090181713	18	3	2021	14	9	51.700	2501202.895	1117377.321	387.615
2459292.090182256	18	3	2021	14	9	51.747	2501202.894	1117377.319	387.612
2459292.090182870	18	3	2021	14	9	51.800	2501202.895	1117377.322	387.613
2459292.090184039	18	3	2021	14	9	51.901	2501202.895	1117377.321	387.612
2459292.090184606	18	3	2021	14	9	51.950	2501202.895	1117377.321	387.611
2459292.090185185	18	3	2021	14	9	52.000	2501202.895	1117377.320	387.612
2459292.090185740	18	3	2021	14	9	52.048	2501202.896	1117377.323	387.613
2459292.090186527	18	3	2021	14	9	52.116	2501202.895	1117377.320	387.613
2459292.090187141	18	3	2021	14	9	52.169	2501202.894	1117377.319	387.613
2459292.090187720	18	3	2021	14	9	52.219	2501202.895	1117377.321	387.613
2459292.090188310	18	3	2021	14	9	52.270	2501202.895	1117377.322	387.613
2459292.090188866	18	3	2021	14	9	52.318	2501202.894	1117377.316	387.614
2459292.090189641	18	3	2021	14	9	52.385	2501202.895	1117377.322	387.614
2459292.090190799	18	3	2021	14	9	52.485	2501202.895	1117377.322	387.613
2459292.090191400	18	3	2021	14	9	52.537	2501202.895	1117377.320	387.613
2459292.090192326	18	3	2021	14	9	52.617	2501202.895	1117377.321	387.612
2459292.090193333	18	3	2021	14	9	52.704	2501202.895	1117377.320	387.612
2459292.090194259	18	3	2021	14	9	52.784	2501202.895	1117377.321	387.612
2459292.090194988	18	3	2021	14	9	52.847	2501202.895	1117377.320	387.611
2459292.090195532	18	3	2021	14	9	52.894	2501202.895	1117377.320	387.613
2459292.090196250	18	3	2021	14	9	52.956	2501202.895	1117377.321	387.613
2459292.090197326	18	3	2021	14	9	53.049	2501202.895	1117377.320	387.613
2459292.090197893	18	3	2021	14	9	53.098	2501202.895	1117377.321	387.615
2459292.090198704	18	3	2021	14	9	53.168	2501202.895	1117377.321	387.613
2459292.090199676	18	3	2021	14	9	53.252	2501202.895	1117377.320	387.614
2459292.090200266	18	3	2021	14	9	53.303	2501202.895	1117377.322	387.610
2459292.090201018	18	3	2021	14	9	53.368	2501202.895	1117377.320	387.616
2459292.090201597	18	3	2021	14	9	53.418	2501202.895	1117377.320	387.614
2459292.090202141	18	3	2021	14	9	53.465	2501202.895	1117377.321	387.613
2459292.090202743	18	3	2021	14	9	53.517	2501202.895	1117377.320	387.615
2459292.090203333	18	3	2021	14	9	53.568	2501202.895	1117377.320	387.613
2459292.090203889	18	3	2021	14	9	53.616	2501202.895	1117377.321	387.614
2459292.090204884	18	3	2021	14	9	53.702	2501202.895	1117377.323	387.614
2459292.090205833	18	3	2021	14	9	53.784	2501202.895	1117377.320	387.615
2459292.090206388	18	3	2021	14	9	53.832	2501202.894	1117377.318	387.617
2459292.090207141	18	3	2021	14	9	53.897	2501202.895	1117377.320	387.613
2459292.090207685	18	3	2021	14	9	53.944	2501202.895	1117377.320	387.616
2459292.090208333	18	3	2021	14	9	54.000	2501202.895	1117377.321	387.613
2459292.090209456	18	3	2021	14	9	54.097	2501202.895	1117377.320	387.614
2459292.090210046	18	3	2021	14	9	54.148	2501202.895	1117377.322	387.615
2459292.090210648	18	3	2021	14	9	54.200	2501202.895	1117377.319	387.614
2459292.090212395	18	3	2021	14	9	54.351	2501202.895	1117377.322	387.613
2459292.090212963	18	3	2021	14	9	54.400	2501202.895	1117377.321	387.615
2459292.090213541	18	3	2021	14	9	54.450	2501202.895	1117377.319	387.614
2459292.090214282	18	3	2021	14	9	54.514	2501202.895	1117377.321	387.615
2459292.090214919	18	3	2021	14	9	54.569	2501202.895	1117377.320	387.613
2459292.090216053	18	3	2021	14	9	54.667	2501202.896	1117377.323	387.614
2459292.090216608	18	3	2021	14	9	54.715	2501202.895	1117377.321	387.614
2459292.090217198	18	3	2021	14	9	54.766	2501202.895	1117377.320	387.615
2459292.090217846	18	3	2021	14	9	54.822	2501202.895	1117377.323	387.617
2459292.090218391	18	3	2021	14	9	54.869	2501202.895	1117377.322	387.614
2459292.090219722	18	3	2021	14	9	54.984	2501202.895	1117377.320	387.614
2459292.090220879	18	3	2021	14	9	55.084	2501202.895	1117377.322	387.614
2459292.090222222	18	3	2021	14	9	55.200	2501202.895	1117377.321	387.615
2459292.090223194	18	3	2021	14	9	55.284	2501202.895	1117377.320	387.612
2459292.090224537	18	3	2021	14	9	55.400	2501202.895	1117377.320	387.614
2459292.090225138	18	3	2021	14	9	55.452	2501202.895	1117377.321	387.613
2459292.090225694	18	3	2021	14	9	55.500	2501202.895	1117377.320	387.613
2459292.090226273	18	3	2021	14	9	55.550	2501202.895	1117377.320	387.614
2459292.090226851	18	3	2021	14	9	55.600	2501202.895	1117377.322	387.614
2459292.090227395	18	3	2021	14	9	55.647	2501202.895	1117377.322	387.612
2459292.090228043	18	3	2021	14	9	55.703	2501202.895	1117377.320	387.613
2459292.090228576	18	3	2021	14	9	55.749	2501202.895	1117377.320	387.613
2459292.090229352	18	3	2021	14	9	55.816	2501202.895	1117377.322	387.612
2459292.090229930	18	3	2021	14	9	55.866	2501202.895	1117377.322	387.612
2459292.090230509	18	3	2021	14	9	55.916	2501202.896	1117377.325	387.611
2459292.090231088	18	3	2021	14	9	55.966	2501202.896	1117377.324	387.612
2459292.090232037	18	3	2021	14	9	56.048	2501202.895	1117377.322	387.613
2459292.090233020	18	3	2021	14	9	56.133	2501202.895	1117377.322	387.612
2459292.090234154	18	3	2021	14	9	56.231	2501202.895	1117377.319	387.613
2459292.090234745	18	3	2021	14	9	56.282	2501202.895	1117377.321	387.610
2459292.090235335	18	3	2021	14	9	56.333	2501202.895	1117377.322	387.612
2459292.090235914	18	3	2021	14	9	56.383	2501202.896	1117377.323	387.614
2459292.090236469	18	3	2021	14	9	56.431	2501202.895	1117377.321	387.611
2459292.090237268	18	3	2021	14	9	56.500	2501202.895	1117377.320	387.614
2459292.090238425	18	3	2021	14	9	56.600	2501202.895	1117377.322	387.613
2459292.090239583	18	3	2021	14	9	56.700	2501202.895	1117377.322	387.613
2459292.090240161	18	3	2021	14	9	56.750	2501202.896	1117377.322	387.610
2459292.090240740	18	3	2021	14	9	56.800	2501202.895	1117377.321	387.612
2459292.090241331	18	3	2021	14	9	56.851	2501202.895	1117377.319	387.612
2459292.090241921	18	3	2021	14	9	56.902	2501202.896	1117377.323	387.614
2459292.090243275	18	3	2021	14	9	57.019	2501202.895	1117377.320	387.614
2459292.090244432	18	3	2021	14	9	57.119	2501202.895	1117377.321	387.615
2459292.090245011	18	3	2021	14	9	57.169	2501202.895	1117377.320	387.612
2459292.090245555	18	3	2021	14	9	57.216	2501202.895	1117377.319	387.613
2459292.090246157	18	3	2021	14	9	57.268	2501202.895	1117377.320	387.615
2459292.090246944	18	3	2021	14	9	57.336	2501202.895	1117377.320	387.614
2459292.090248229	18	3	2021	14	9	57.447	2501202.894	1117377.320	387.617
2459292.090248807	18	3	2021	14	9	57.497	2501202.895	1117377.321	387.616
2459292.090249815	18	3	2021	14	9	57.584	2501202.894	1117377.318	387.614
2459292.090250590	18	3	2021	14	9	57.651	2501202.895	1117377.319	387.613
2459292.090251573	18	3	2021	14	9	57.736	2501202.895	1117377.320	387.617
2459292.090252106	18	3	2021	14	9	57.782	2501202.895	1117377.320	387.618
2459292.090252696	18	3	2021	14	9	57.833	2501202.895	1117377.319	387.615
2459292.090253275	18	3	2021	14	9	57.883	2501202.894	1117377.316	387.616
2459292.090254062	18	3	2021	14	9	57.951	2501202.895	1117377.320	387.615
2459292.090255208	18	3	2021	14	9	58.050	2501202.895	1117377.320	387.617
2459292.090255787	18	3	2021	14	9	58.100	2501202.895	1117377.320	387.617
2459292.090256342	18	3	2021	14	9	58.148	2501202.894	1117377.319	387.616
2459292.090256944	18	3	2021	14	9	58.200	2501202.895	1117377.319	387.614
2459292.090257534	18	3	2021	14	9	58.251	2501202.894	1117377.320	387.617
2459292.090258079	18	3	2021	14	9	58.298	2501202.895	1117377.322	387.615
2459292.090258669	18	3	2021	14	9	58.349	2501202.895	1117377.321	387.616
2459292.090259467	18	3	2021	14	9	58.418	2501202.894	1117377.317	387.615
2459292.090260034	18	3	2021	14	9	58.467	2501202.895	1117377.320	387.616
2459292.090260613	18	3	2021	14	9	58.517	2501202.896	1117377.323	387.614
2459292.090261400	18	3	2021	14	9	58.585	2501202.895	1117377.321	387.615
2459292.090262373	18	3	2021	14	9	58.669	2501202.896	1117377.324	387.612
2459292.090262916	18	3	2021	14	9	58.716	2501202.895	1117377.322	387.616
2459292.090263715	18	3	2021	14	9	58.785	2501202.895	1117377.320	387.614
2459292.090264282	18	3	2021	14	9	58.834	2501202.895	1117377.321	387.614
2459292.090265613	18	3	2021	14	9	58.949	2501202.894	1117377.319	387.615
2459292.090266562	18	3	2021	14	9	59.031	2501202.895	1117377.322	387.615
2459292.090267153	18	3	2021	14	9	59.082	2501202.895	1117377.321	387.612
2459292.090267696	18	3	2021	14	9	59.129	2501202.895	1117377.321	387.614
2459292.090268264	18	3	2021	14	9	59.178	2501202.895	1117377.321	387.614
2459292.090268877	18	3	2021	14	9	59.231	2501202.895	1117377.320	387.613
2459292.090269410	18	3	2021	14	9	59.277	2501202.895	1117377.322	387.614
2459292.090270139	18	3	2021	14	9	59.340	2501202.894	1117377.319	387.613
2459292.090270833	18	3	2021	14	9	59.400	2501202.896	1117377.324	387.614
2459292.090271365	18	3	2021	14	9	59.446	2501202.895	1117377.323	387.616
2459292.090271944	18	3	2021	14	9	59.496	2501202.894	1117377.319	387.614
2459292.090272673	18	3	2021	14	9	59.559	2501202.896	1117377.324	387.616
2459292.090273703	18	3	2021	14	9	59.648	2501202.896	1117377.323	387.614
2459292.090274294	18	3	2021	14	9	59.699	2501202.895	1117377.321	387.614
2459292.090275092	18	3	2021	14	9	59.768	2501202.895	1117377.321	387.615
2459292.090276238	18	3	2021	14	9	59.867	2501202.895	1117377.320	387.612
2459292.090276805	18	3	2021	14	9	59.916	2501202.895	1117377.321	387.615
2459292.090277419	18	3	2021	14	9	59.969	2501202.894	1117377.320	387.617
2459292.090277951	18	3	2021	14	10	0.015	2501202.895	1117377.322	387.613
2459292.090278970	18	3	2021	14	10	0.103	2501202.895	1117377.321	387.616
2459292.090279907	18	3	2021	14	10	0.184	2501202.895	1117377.321	387.614
2459292.090281053	18	3	2021	14	10	0.283	2501202.895	1117377.319	387.614
2459292.090281632	18	3	2021	14	10	0.333	2501202.895	1117377.320	387.613
2459292.090282801	18	3	2021	14	10	0.434	2501202.895	1117377.320	387.613
2459292.090283564	18	3	2021	14	10	0.500	2501202.894	1117377.319	387.619
2459292.090284109	18	3	2021	14	10	0.547	2501202.895	1117377.320	387.613
2459292.090285301	18	3	2021	14	10	0.650	2501202.894	1117377.316	387.616
2459292.090285891	18	3	2021	14	10	0.701	2501202.895	1117377.320	387.615
2459292.090286423	18	3	2021	14	10	0.747	2501202.894	1117377.318	387.613
2459292.090287222	18	3	2021	14	10	0.816	2501202.895	1117377.321	387.615
2459292.090288206	18	3	2021	14	10	0.901	2501202.894	1117377.318	387.618
2459292.090288773	18	3	2021	14	10	0.950	2501202.895	1117377.321	387.615
2459292.090289699	18	3	2021	14	10	1.030	2501202.895	1117377.320	387.615
2459292.090290625	18	3	2021	14	10	1.110	2501202.895	1117377.319	387.616
2459292.090291493	18	3	2021	14	10	1.185	2501202.895	1117377.320	387.614
2459292.090292465	18	3	2021	14	10	1.269	2501202.895	1117377.320	387.616
2459292.090293240	18	3	2021	14	10	1.336	2501202.895	1117377.321	387.612
2459292.090293796	18	3	2021	14	10	1.384	2501202.894	1117377.319	387.614
2459292.090294375	18	3	2021	14	10	1.434	2501202.894	1117377.318	387.616
2459292.090294942	18	3	2021	14	10	1.483	2501202.896	1117377.325	387.610
2459292.090295521	18	3	2021	14	10	1.533	2501202.894	1117377.318	387.613
2459292.090296111	18	3	2021	14	10	1.584	2501202.895	1117377.321	387.615
2459292.090296701	18	3	2021	14	10	1.635	2501202.896	1117377.324	387.609
2459292.090297268	18	3	2021	14	10	1.684	2501202.896	1117377.323	387.614
2459292.090297882	18	3	2021	14	10	1.737	2501202.895	1117377.321	387.616
2459292.090298865	18	3	2021	14	10	1.822	2501202.896	1117377.325	387.613
2459292.090299629	18	3	2021	14	10	1.888	2501202.896	1117377.323	387.611
2459292.090300926	18	3	2021	14	10	2.000	2501202.896	1117377.325	387.610
2459292.090301469	18	3	2021	14	10	2.047	2501202.895	1117377.322	387.610
2459292.090302083	18	3	2021	14	10	2.100	2501202.896	1117377.326	387.612
2459292.090302662	18	3	2021	14	10	2.150	2501202.895	1117377.324	387.607
2459292.090303240	18	3	2021	14	10	2.200	2501202.895	1117377.323	387.613
2459292.090303773	18	3	2021	14	10	2.246	2501202.896	1117377.327	387.608
2459292.090304375	18	3	2021	14	10	2.298	2501202.896	1117377.324	387.610
2459292.090304976	18	3	2021	14	10	2.350	2501202.899	1117377.322	387.610
2459292.090305555	18	3	2021	14	10	2.400	2501202.902	1117377.325	387.604
2459292.090306342	18	3	2021	14	10	2.468	2501202.904	1117377.321	387.609
2459292.090306909	18	3	2021	14	10	2.517	2501202.909	1117377.325	387.610
2459292.090307488	18	3	2021	14	10	2.567	2501202.912	1117377.322	387.610
2459292.090308229	18	3	2021	14	10	2.631	2501202.918	1117377.322	387.611
2459292.090308773	18	3	2021	14	10	2.678	2501202.924	1117377.321	387.610
2459292.090309328	18	3	2021	14	10	2.726	2501202.929	1117377.319	387.611
2459292.090310011	18	3	2021	14	10	2.785	2501202.936	1117377.316	387.611
2459292.090310555	18	3	2021	14	10	2.832	2501202.943	1117377.314	387.612
2459292.090311099	18	3	2021	14	10	2.879	2501202.952	1117377.313	387.611
2459292.090311944	18	3	2021	14	10	2.952	2501202.971	1117377.306	387.620
2459292.090312905	18	3	2021	14	10	3.035	2501202.982	1117377.300	387.607
2459292.090313449	18	3	2021	14	10	3.082	2501203.010	1117377.293	387.616
2459292.090315636	18	3	2021	14	10	3.271	2501203.024	1117377.287	387.606
2459292.090316203	18	3	2021	14	10	3.320	2501203.039	1117377.285	387.619
2459292.090316735	18	3	2021	14	10	3.366	2501203.057	1117377.278	387.616
2459292.090316759	18	3	2021	14	10	3.368	2501203.096	1117377.267	387.619
2459292.090317917	18	3	2021	14	10	3.468	2501203.117	1117377.264	387.621
2459292.090318483	18	3	2021	14	10	3.517	2501203.140	1117377.256	387.616
2459292.090319271	18	3	2021	14	10	3.585	2501203.191	1117377.243	387.621
2459292.090320231	18	3	2021	14	10	3.668	2501203.219	1117377.234	387.625
2459292.090320810	18	3	2021	14	10	3.718	2501203.249	1117377.225	387.624
2459292.090321574	18	3	2021	14	10	3.784	2501203.281	1117377.218	387.627
2459292.090322129	18	3	2021	14	10	3.832	2501203.312	1117377.207	387.625
2459292.090322662	18	3	2021	14	10	3.878	2501203.347	1117377.198	387.627
2459292.090323403	18	3	2021	14	10	3.942	2501203.419	1117377.178	387.630
2459292.090324479	18	3	2021	14	10	4.035	2501203.462	1117377.166	387.632
2459292.090325243	18	3	2021	14	10	4.101	2501203.503	1117377.152	387.633
2459292.090325787	18	3	2021	14	10	4.148	2501203.545	1117377.139	387.636
2459292.090326388	18	3	2021	14	10	4.200	2501203.638	1117377.114	387.640
2459292.090327731	18	3	2021	14	10	4.316	2501203.744	1117377.081	387.640
2459292.090328703	18	3	2021	14	10	4.400	2501203.800	1117377.067	387.641
2459292.090329294	18	3	2021	14	10	4.451	2501203.856	1117377.051	387.644
2459292.090329861	18	3	2021	14	10	4.500	2501204.037	1117377.000	387.654
2459292.090331608	18	3	2021	14	10	4.651	2501204.106	1117376.979	387.651
2459292.090332176	18	3	2021	14	10	4.700	2501204.173	1117376.960	387.657
2459292.090332974	18	3	2021	14	10	4.769	2501204.243	1117376.938	387.658
2459292.090333738	18	3	2021	14	10	4.835	2501204.472	1117376.871	387.661
2459292.090335463	18	3	2021	14	10	4.984	2501204.649	1117376.823	387.671
2459292.090336597	18	3	2021	14	10	5.082	2501204.739	1117376.796	387.673
2459292.090337199	18	3	2021	14	10	5.134	2501204.828	1117376.772	387.679
2459292.090337754	18	3	2021	14	10	5.182	2501204.919	1117376.744	387.680
2459292.090338506	18	3	2021	14	10	5.247	2501205.012	1117376.718	387.687
2459292.090339062	18	3	2021	14	10	5.295	2501205.113	1117376.689	387.687
2459292.090339594	18	3	2021	14	10	5.341	2501205.217	1117376.661	387.691
2459292.090340278	18	3	2021	14	10	5.400	2501205.426	1117376.600	387.697
2459292.090341481	18	3	2021	14	10	5.504	2501205.535	1117376.566	387.701
2459292.090342072	18	3	2021	14	10	5.555	2501205.646	1117376.533	387.704
2459292.090342592	18	3	2021	14	10	5.600	2501205.881	1117376.466	387.711
2459292.090343947	18	3	2021	14	10	5.717	2501206.132	1117376.396	387.718
2459292.090344722	18	3	2021	14	10	5.784	2501206.243	1117376.361	387.726
